,Group,Batch,UMAP1,UMAP2
Cell1,Group4,Batch1,2.6116643,-7.3292437
Cell2,Group4,Batch1,3.452492,-8.502958
Cell3,Group3,Batch1,-9.417191,1.3372046
Cell4,Group3,Batch1,-10.900826,2.4691834
Cell5,Group3,Batch1,-9.694375,2.9303932
Cell6,Group2,Batch1,5.267436,8.555686
Cell7,Group4,Batch1,1.8460422,-5.9709797
Cell8,Group3,Batch1,-10.180347,1.9997549
Cell9,Group4,Batch1,3.696647,-5.0574613
Cell10,Group2,Batch1,5.2460656,5.4170756
Cell11,Group3,Batch1,-7.844679,3.2309103
Cell12,Group2,Batch1,7.158332,6.137561
Cell13,Group4,Batch1,3.923479,-7.2683854
Cell14,Group2,Batch1,6.114509,6.9697423
Cell15,Group2,Batch1,5.4107466,7.54742
Cell16,Group4,Batch1,4.1330214,-5.51991
Cell17,Group1,Batch1,-7.8607106,12.360204
Cell18,Group3,Batch1,-8.772743,3.7864864
Cell19,Group2,Batch1,6.287907,8.427673
Cell20,Group1,Batch1,-6.968342,11.725502
Cell21,Group4,Batch1,2.063594,-5.793741
Cell22,Group4,Batch1,4.728878,-5.8823886
Cell23,Group2,Batch1,6.4257064,8.377829
Cell24,Group2,Batch1,5.911217,8.264543
Cell25,Group4,Batch1,3.7352972,-5.168177
Cell26,Group1,Batch1,-7.2821093,12.480728
Cell27,Group4,Batch1,3.630164,-8.298334
Cell28,Group4,Batch1,2.1546516,-6.823059
Cell29,Group4,Batch1,2.0370367,-6.9710474
Cell30,Group4,Batch1,2.5066063,-5.90262
Cell31,Group2,Batch1,5.241525,7.9379716
Cell32,Group2,Batch1,5.0154734,7.42316
Cell33,Group2,Batch1,6.3436756,8.594625
Cell34,Group4,Batch1,3.3707256,-4.8045683
Cell35,Group2,Batch1,4.558359,6.2849092
Cell36,Group4,Batch1,2.427345,-7.7353096
Cell37,Group2,Batch1,6.689543,5.3195143
Cell38,Group4,Batch1,1.6845976,-5.7521167
Cell39,Group2,Batch1,5.4742064,6.118723
Cell40,Group3,Batch1,-8.768809,2.7751307
Cell41,Group3,Batch1,-8.434288,2.3719811
Cell42,Group3,Batch1,-9.979942,3.5630124
Cell43,Group2,Batch1,5.7490096,5.8552628
Cell44,Group4,Batch1,3.2899933,-4.5536604
Cell45,Group3,Batch1,-8.072091,2.9389584
Cell46,Group4,Batch1,1.5028886,-6.82093
Cell47,Group3,Batch1,-9.107356,2.103749
Cell48,Group2,Batch1,6.719469,5.6426835
Cell49,Group4,Batch1,3.157743,-7.535682
Cell50,Group4,Batch1,2.4516656,-6.2630463
Cell51,Group2,Batch1,5.96271,7.120309
Cell52,Group3,Batch1,-7.892076,2.4750159
Cell53,Group3,Batch1,-9.150014,3.304711
Cell54,Group2,Batch1,4.9640183,5.6088543
Cell55,Group2,Batch1,4.907245,5.672152
Cell56,Group2,Batch1,4.9705734,5.7929144
Cell57,Group4,Batch1,1.3145301,-5.717565
Cell58,Group2,Batch1,4.562641,6.669
Cell59,Group4,Batch1,2.0153332,-5.6569986
Cell60,Group3,Batch1,-9.848412,3.5838602
Cell61,Group3,Batch1,-10.883285,3.1919756
Cell62,Group2,Batch1,5.387581,6.8438473
Cell63,Group2,Batch1,5.9399166,6.949632
Cell64,Group4,Batch1,2.2863917,-7.3563533
Cell65,Group4,Batch1,1.9054494,-8.037192
Cell66,Group4,Batch1,2.1886663,-5.428016
Cell67,Group4,Batch1,3.1358213,-6.798539
Cell68,Group1,Batch1,-7.4076476,12.407049
Cell69,Group4,Batch1,3.766127,-7.3184137
Cell70,Group2,Batch1,5.8086886,8.626286
Cell71,Group3,Batch1,-8.746693,2.8174627
Cell72,Group2,Batch1,5.7555413,5.7491016
Cell73,Group4,Batch1,2.3103194,-7.0468717
Cell74,Group2,Batch1,5.927296,5.4868364
Cell75,Group3,Batch1,-8.165729,1.9124489
Cell76,Group2,Batch1,4.557082,6.4100165
Cell77,Group3,Batch1,-10.210369,3.1115572
Cell78,Group3,Batch1,-9.791888,2.017663
Cell79,Group3,Batch1,-9.099915,2.8391888
Cell80,Group2,Batch1,5.2846932,5.3106284
Cell81,Group4,Batch1,3.005563,-5.1227922
Cell82,Group2,Batch1,4.773019,6.616394
Cell83,Group2,Batch1,5.2078,6.9181585
Cell84,Group3,Batch1,-8.829026,4.04865
Cell85,Group2,Batch1,4.6709843,5.9692554
Cell86,Group4,Batch1,3.2097828,-4.707325
Cell87,Group3,Batch1,-9.807257,3.500358
Cell88,Group4,Batch1,2.5327609,-6.8055296
Cell89,Group4,Batch1,2.145528,-7.4487953
Cell90,Group4,Batch1,2.0344887,-6.6824303
Cell91,Group4,Batch1,2.6482267,-8.162623
Cell92,Group4,Batch1,1.6378573,-6.7845273
Cell93,Group4,Batch1,4.084218,-8.029997
Cell94,Group2,Batch1,5.9730773,8.523432
Cell95,Group2,Batch1,6.888892,5.7681913
Cell96,Group4,Batch1,2.2792249,-5.710531
Cell97,Group2,Batch1,5.2641563,6.7940326
Cell98,Group3,Batch1,-9.73361,1.0066968
Cell99,Group2,Batch1,4.490389,6.5997033
Cell100,Group4,Batch1,3.240307,-6.6405873
Cell101,Group4,Batch1,2.2025378,-7.3833346
Cell102,Group4,Batch1,6.585496,4.697912
Cell103,Group4,Batch1,2.523059,-7.948852
Cell104,Group2,Batch1,5.7825127,8.146816
Cell105,Group2,Batch1,5.9878736,5.919931
Cell106,Group4,Batch1,2.8316145,-6.534903
Cell107,Group4,Batch1,2.4595234,-6.553646
Cell108,Group2,Batch1,5.882011,8.428692
Cell109,Group3,Batch1,-9.290131,2.6031911
Cell110,Group4,Batch1,1.9246742,-7.1814775
Cell111,Group4,Batch1,4.9102416,-6.5252094
Cell112,Group3,Batch1,-9.186204,1.6310837
Cell113,Group2,Batch1,5.267436,7.1670847
Cell114,Group1,Batch1,-8.022619,12.121595
Cell115,Group2,Batch1,6.708514,7.1082406
Cell116,Group2,Batch1,6.336651,7.064419
Cell117,Group2,Batch1,6.376198,5.871223
Cell118,Group4,Batch1,2.3546948,-7.1818957
Cell119,Group3,Batch1,-9.509282,1.2638147
Cell120,Group4,Batch1,2.9489536,-6.3288984
Cell121,Group2,Batch1,4.4582324,7.193847
Cell122,Group3,Batch1,-8.379442,1.817617
Cell123,Group2,Batch1,6.1783376,6.9738636
Cell124,Group2,Batch1,5.274432,6.8121543
Cell125,Group2,Batch1,6.195003,5.333006
Cell126,Group4,Batch1,2.9839332,-7.8070555
Cell127,Group2,Batch1,4.672146,6.2969284
Cell128,Group2,Batch1,4.985363,7.9406238
Cell129,Group3,Batch1,-8.363426,2.881633
Cell130,Group4,Batch1,4.1525908,-5.7293663
Cell131,Group2,Batch1,6.2379646,5.406703
Cell132,Group2,Batch1,6.5129094,6.5063877
Cell133,Group1,Batch1,-7.543457,11.805838
Cell134,Group2,Batch1,5.0526595,7.7808867
Cell135,Group4,Batch1,3.3999834,-6.4737926
Cell136,Group3,Batch1,-9.85071,1.3324447
Cell137,Group4,Batch1,1.2066065,-6.28133
Cell138,Group4,Batch1,3.4852955,-5.2069955
Cell139,Group4,Batch1,1.6703502,-5.9467874
Cell140,Group3,Batch1,-8.722723,2.1512976
Cell141,Group3,Batch1,-9.892099,3.5779488
Cell142,Group3,Batch1,-8.304585,1.8315889
Cell143,Group4,Batch1,1.5593582,-5.651131
Cell144,Group3,Batch1,-9.345376,3.8712904
Cell145,Group4,Batch1,3.490853,-7.1545525
Cell146,Group1,Batch1,-7.9283986,12.063217
Cell147,Group4,Batch1,2.0052617,-5.6901894
Cell148,Group1,Batch1,-7.399051,11.638955
Cell149,Group1,Batch1,-7.045803,11.205141
Cell150,Group4,Batch1,4.184437,-5.1826935
Cell151,Group4,Batch1,2.8397655,-5.805337
Cell152,Group2,Batch1,5.630801,6.013214
Cell153,Group3,Batch1,-9.061001,3.7102947
Cell154,Group2,Batch1,4.664355,7.0246444
Cell155,Group2,Batch1,6.5061283,6.465393
Cell156,Group1,Batch1,-8.075871,12.024219
Cell157,Group1,Batch1,-7.6092463,12.580673
Cell158,Group4,Batch1,3.5266747,-6.6867576
Cell159,Group3,Batch1,-8.927352,3.5283058
Cell160,Group2,Batch1,4.347076,6.5852237
Cell161,Group2,Batch1,5.9170713,7.225859
Cell162,Group4,Batch1,2.2203188,-7.436402
Cell163,Group2,Batch1,5.692355,6.4211607
Cell164,Group3,Batch1,-8.231173,3.9886706
Cell165,Group3,Batch1,-9.799265,2.2817273
Cell166,Group1,Batch1,-7.865003,11.562324
Cell167,Group2,Batch1,5.615057,5.9248924
Cell168,Group2,Batch1,5.570772,7.2770467
Cell169,Group4,Batch1,2.2784958,-7.3675475
Cell170,Group2,Batch1,5.2221956,6.371043
Cell171,Group3,Batch1,-10.088979,3.890783
Cell172,Group3,Batch1,-8.221153,2.1773772
Cell173,Group3,Batch1,-8.941499,2.878806
Cell174,Group3,Batch1,-9.386208,1.6760881
Cell175,Group2,Batch1,5.1032805,7.395907
Cell176,Group3,Batch1,-8.5031595,2.2952204
Cell177,Group2,Batch1,5.941083,6.04066
Cell178,Group2,Batch1,7.3949957,6.362766
Cell179,Group4,Batch1,1.2679805,-5.7436056
Cell180,Group4,Batch1,4.2474265,-5.57911
Cell181,Group2,Batch1,7.2938676,7.255969
Cell182,Group4,Batch1,2.8911295,-7.818968
Cell183,Group3,Batch1,-8.398032,3.750664
Cell184,Group4,Batch1,2.5200377,-6.1804156
Cell185,Group3,Batch1,-9.177723,2.4851286
Cell186,Group4,Batch1,3.0064318,-6.8304753
Cell187,Group2,Batch1,6.271314,6.92872
Cell188,Group3,Batch1,-10.33706,3.2116928
Cell189,Group2,Batch1,5.3574424,7.4623485
Cell190,Group2,Batch1,5.862236,6.4386144
Cell191,Group4,Batch1,2.586457,-5.3845
Cell192,Group2,Batch1,5.6239357,6.3162107
Cell193,Group2,Batch1,4.8461895,7.791291
Cell194,Group4,Batch1,2.9874384,-6.7627234
Cell195,Group2,Batch1,6.761592,8.02429
Cell196,Group4,Batch1,2.987147,-6.791878
Cell197,Group2,Batch1,4.4069357,6.736829
Cell198,Group2,Batch1,6.088242,7.5823765
Cell199,Group2,Batch1,6.403936,5.5803194
Cell200,Group3,Batch1,-9.990604,1.8275602
Cell201,Group4,Batch1,1.8658737,-7.5601125
Cell202,Group4,Batch1,2.7537718,-7.1325274
Cell203,Group2,Batch1,5.2410126,5.9374185
Cell204,Group3,Batch1,-10.046858,1.7559797
Cell205,Group1,Batch1,-7.176245,12.015522
Cell206,Group2,Batch1,5.9284368,6.6873546
Cell207,Group4,Batch1,4.513917,-6.933646
Cell208,Group3,Batch1,-9.386215,2.6858392
Cell209,Group3,Batch1,-8.7203865,1.493528
Cell210,Group3,Batch1,-9.309288,2.219846
Cell211,Group4,Batch1,3.1885312,-8.391915
Cell212,Group4,Batch1,1.454577,-5.8996944
Cell213,Group4,Batch1,3.2968771,-6.517382
Cell214,Group2,Batch1,5.309725,5.7200007
Cell215,Group4,Batch1,3.6113875,-6.3917365
Cell216,Group4,Batch1,3.8495083,-5.4199004
Cell217,Group2,Batch1,4.5820327,7.4088836
Cell218,Group2,Batch1,7.1223316,6.753802
Cell219,Group4,Batch1,1.7109638,-7.321489
Cell220,Group2,Batch1,4.9191575,6.015215
Cell221,Group4,Batch1,2.7446256,-5.5557027
Cell222,Group2,Batch1,5.7542787,5.7899165
Cell223,Group4,Batch1,2.0288029,-5.4779744
Cell224,Group4,Batch1,3.367734,-8.309068
Cell225,Group3,Batch1,-8.417119,3.6862538
Cell226,Group4,Batch1,2.1404533,-8.111627
Cell227,Group4,Batch1,3.4863327,-5.453502
Cell228,Group3,Batch1,-9.238581,2.019092
Cell229,Group2,Batch1,5.497061,5.7662706
Cell230,Group4,Batch1,3.7217152,-5.988539
Cell231,Group4,Batch1,3.5562553,-7.156153
Cell232,Group4,Batch1,2.9797535,-8.12193
Cell233,Group4,Batch1,2.2283423,-6.0053144
Cell234,Group4,Batch1,1.3692232,-6.4143105
Cell235,Group3,Batch1,-9.180719,3.5233042
Cell236,Group4,Batch1,2.8682199,-5.396213
Cell237,Group4,Batch1,3.451011,-5.312052
Cell238,Group2,Batch1,5.131473,6.3220162
Cell239,Group4,Batch1,1.6750948,-5.9251213
Cell240,Group2,Batch1,6.1704364,7.3879967
Cell241,Group2,Batch1,4.707018,5.8525076
Cell242,Group2,Batch1,6.662047,5.76363
Cell243,Group3,Batch1,-9.673727,1.5704772
Cell244,Group2,Batch1,6.1501207,6.271757
Cell245,Group4,Batch1,2.7294896,-4.9507375
Cell246,Group3,Batch1,-8.507747,3.5066667
Cell247,Group4,Batch1,1.2420157,-6.45509
Cell248,Group4,Batch1,3.28692,-7.112296
Cell249,Group2,Batch1,5.9235873,5.3864307
Cell250,Group4,Batch1,1.7667108,-5.9114
Cell251,Group4,Batch1,3.3783953,-6.210106
Cell252,Group2,Batch1,5.785845,6.6299567
Cell253,Group4,Batch1,2.2072275,-6.5172677
Cell254,Group2,Batch1,6.634213,7.4157863
Cell255,Group4,Batch1,3.944742,-6.92207
Cell256,Group1,Batch1,-8.036786,11.849869
Cell257,Group3,Batch1,-8.659277,2.834191
Cell258,Group3,Batch1,-8.388774,3.3014567
Cell259,Group2,Batch1,5.9761314,7.975812
Cell260,Group2,Batch1,6.5243464,6.876143
Cell261,Group2,Batch1,5.701513,8.008995
Cell262,Group4,Batch1,4.0167394,-5.3898916
Cell263,Group1,Batch1,-7.569657,12.462437
Cell264,Group4,Batch1,3.3878205,-6.8317924
Cell265,Group2,Batch1,4.999688,7.0383134
Cell266,Group2,Batch1,4.255592,6.891383
Cell267,Group3,Batch1,-9.005604,2.9887037
Cell268,Group4,Batch1,3.9986062,-5.815526
Cell269,Group2,Batch1,4.1629376,6.68276
Cell270,Group3,Batch1,-9.440058,1.6999464
Cell271,Group4,Batch1,4.554987,-7.596559
Cell272,Group4,Batch1,2.4625785,-6.854052
Cell273,Group1,Batch1,-7.066367,11.884837
Cell274,Group2,Batch1,6.2068553,6.534297
Cell275,Group3,Batch1,-10.761263,2.0004542
Cell276,Group2,Batch1,6.8230987,5.7287145
Cell277,Group3,Batch1,-8.44196,3.971421
Cell278,Group4,Batch1,4.5243025,-6.3446784
Cell279,Group2,Batch1,7.561951,6.833623
Cell280,Group4,Batch1,2.960556,-6.3639874
Cell281,Group3,Batch1,-9.9263115,2.6355186
Cell282,Group3,Batch1,-9.000877,2.191396
Cell283,Group3,Batch1,-7.8014445,3.308327
Cell284,Group4,Batch1,3.2543128,-7.785826
Cell285,Group3,Batch1,-9.250118,2.6068153
Cell286,Group3,Batch1,-9.059194,2.363727
Cell287,Group4,Batch1,4.158966,-7.933449
Cell288,Group4,Batch1,2.484827,-6.707544
Cell289,Group2,Batch1,5.157696,5.8850584
Cell290,Group3,Batch1,-10.683674,2.8471062
Cell291,Group2,Batch1,4.656886,6.3494983
Cell292,Group2,Batch1,5.145045,7.3701844
Cell293,Group4,Batch1,2.9381022,-6.0990424
Cell294,Group2,Batch1,4.1542306,6.440081
Cell295,Group3,Batch1,-9.675356,2.9899476
Cell296,Group3,Batch1,-8.262229,2.4444695
Cell297,Group2,Batch1,6.3837786,6.1467166
Cell298,Group2,Batch1,6.5093536,6.387631
Cell299,Group4,Batch1,3.4553928,-6.319796
Cell300,Group4,Batch1,1.7841781,-6.791767
Cell301,Group3,Batch1,-9.317439,2.6029708
Cell302,Group4,Batch1,1.7578996,-5.4834766
Cell303,Group4,Batch1,2.4927096,-6.371129
Cell304,Group4,Batch1,3.2395282,-5.0232487
Cell305,Group3,Batch1,-9.869776,3.441873
Cell306,Group3,Batch1,-9.722064,2.2093623
Cell307,Group3,Batch1,-10.004849,2.674376
Cell308,Group4,Batch1,4.223361,-7.713459
Cell309,Group4,Batch1,5.076635,-7.007784
Cell310,Group3,Batch1,-9.92928,2.7056966
Cell311,Group4,Batch1,2.2974007,-5.3700647
Cell312,Group2,Batch1,6.896968,7.6372137
Cell313,Group2,Batch1,5.9283724,7.824802
Cell314,Group3,Batch1,-10.960874,2.546757
Cell315,Group3,Batch1,-9.25414,1.484544
Cell316,Group4,Batch1,3.9661012,-6.143841
Cell317,Group4,Batch1,1.5726004,-6.7747307
Cell318,Group3,Batch1,-9.035097,3.943301
Cell319,Group4,Batch1,3.329595,-7.9594736
Cell320,Group2,Batch1,4.8158326,8.214072
Cell321,Group4,Batch1,3.2252493,-6.8636866
Cell322,Group4,Batch1,3.2946222,-6.0450315
Cell323,Group3,Batch1,-9.929254,2.2100062
Cell324,Group2,Batch1,5.910985,6.353461
Cell325,Group2,Batch1,6.810503,5.204308
Cell326,Group3,Batch1,-8.947659,3.274618
Cell327,Group3,Batch1,-8.852391,1.7806147
Cell328,Group2,Batch1,6.927198,6.7000904
Cell329,Group4,Batch1,2.34929,-7.575257
Cell330,Group4,Batch1,1.9684997,-5.0413847
Cell331,Group2,Batch1,6.9059606,7.162914
Cell332,Group4,Batch1,3.3784628,-7.67252
Cell333,Group2,Batch1,6.701204,6.912419
Cell334,Group2,Batch1,6.0189066,5.837682
Cell335,Group2,Batch1,5.934502,7.8739038
Cell336,Group1,Batch1,-7.1408887,11.4917345
Cell337,Group4,Batch1,2.4982328,-7.431586
Cell338,Group4,Batch1,2.6402628,-5.922964
Cell339,Group3,Batch1,-8.810776,2.6196284
Cell340,Group4,Batch1,1.780616,-7.5078063
Cell341,Group2,Batch1,5.539685,6.062757
Cell342,Group1,Batch1,-7.0944757,11.983043
Cell343,Group2,Batch1,5.27818,7.3328557
Cell344,Group2,Batch1,4.912482,7.6060038
Cell345,Group4,Batch1,4.1164827,-6.152116
Cell346,Group4,Batch1,2.2812092,-6.871067
Cell347,Group4,Batch1,2.361627,-7.9122753
Cell348,Group4,Batch1,4.155619,-7.209388
Cell349,Group4,Batch1,2.7969246,-4.8600426
Cell350,Group3,Batch1,-8.724029,3.4659932
Cell351,Group2,Batch1,4.7091637,7.180988
Cell352,Group3,Batch1,-10.174737,2.6867342
Cell353,Group4,Batch1,4.174116,-7.234815
Cell354,Group4,Batch1,3.5179064,-6.440414
Cell355,Group4,Batch1,3.8590431,-5.7537127
Cell356,Group2,Batch1,5.425479,8.458302
Cell357,Group2,Batch1,5.5006347,7.1552725
Cell358,Group2,Batch1,5.7185493,8.3627615
Cell359,Group1,Batch1,-7.493263,11.839197
Cell360,Group4,Batch1,3.549182,-8.050091
Cell361,Group4,Batch1,4.546209,-7.50435
Cell362,Group4,Batch1,1.5446671,-7.1159234
Cell363,Group4,Batch1,3.4522085,-6.67303
Cell364,Group3,Batch1,-8.90371,1.2149644
Cell365,Group4,Batch1,4.811997,-6.900014
Cell366,Group2,Batch1,6.1621604,6.24854
Cell367,Group4,Batch1,4.822803,-7.240461
Cell368,Group4,Batch1,2.1390982,-5.600408
Cell369,Group2,Batch1,5.8972263,5.615651
Cell370,Group2,Batch1,5.350473,8.22851
Cell371,Group4,Batch1,4.21586,-7.2543607
Cell372,Group4,Batch1,2.8727224,-6.9024615
Cell373,Group1,Batch1,-7.4453135,11.911235
Cell374,Group4,Batch1,3.0705762,-7.8679543
Cell375,Group4,Batch1,3.237872,-8.147407
Cell376,Group2,Batch1,4.3607125,6.626511
Cell377,Group2,Batch1,5.428601,7.008876
Cell378,Group4,Batch1,3.8456194,-7.6104813
Cell379,Group3,Batch1,-9.226897,3.8549414
Cell380,Group2,Batch1,7.1912766,7.391262
Cell381,Group4,Batch1,5.098732,-6.8462825
Cell382,Group1,Batch1,-7.0556903,11.560155
Cell383,Group3,Batch1,-10.471139,4.052575
Cell384,Group3,Batch1,-10.141433,1.691474
Cell385,Group4,Batch1,2.48197,-5.503958
Cell386,Group2,Batch1,4.585944,6.3477917
Cell387,Group2,Batch1,6.162975,5.273806
Cell388,Group4,Batch1,3.8618119,-8.119451
Cell389,Group4,Batch1,2.6481085,-5.495253
Cell390,Group1,Batch1,-7.0776553,11.359973
Cell391,Group4,Batch1,1.5110601,-6.610008
Cell392,Group2,Batch1,4.8127775,7.311857
Cell393,Group2,Batch1,6.179385,7.135355
Cell394,Group4,Batch1,3.9185908,-7.8893247
Cell395,Group4,Batch1,4.229624,-7.9475293
Cell396,Group3,Batch1,-10.5820675,2.0730178
Cell397,Group4,Batch1,3.215575,-5.3969665
Cell398,Group4,Batch1,1.3483747,-6.146424
Cell399,Group2,Batch1,6.6277566,5.8218436
Cell400,Group4,Batch1,3.3582685,-5.4357586
Cell401,Group3,Batch1,-9.45181,1.9166538
Cell402,Group3,Batch1,-9.899291,2.518855
Cell403,Group2,Batch1,6.913755,6.078139
Cell404,Group2,Batch1,5.6197834,8.395885
Cell405,Group3,Batch1,-9.611686,3.7647936
Cell406,Group4,Batch1,2.5448532,-7.713817
Cell407,Group2,Batch1,7.405896,6.713782
Cell408,Group2,Batch1,5.403296,7.733041
Cell409,Group3,Batch1,-9.508916,2.848971
Cell410,Group4,Batch1,2.7501996,-6.9094095
Cell411,Group2,Batch1,5.6275816,6.93143
Cell412,Group3,Batch1,-10.690567,2.7840831
Cell413,Group3,Batch1,-9.91792,3.7921588
Cell414,Group2,Batch1,6.362278,6.071522
Cell415,Group3,Batch1,-8.870557,1.9814198
Cell416,Group2,Batch1,4.580176,7.5263433
Cell417,Group4,Batch1,2.2353275,-6.9811945
Cell418,Group4,Batch1,1.1922255,-6.069194
Cell419,Group3,Batch1,-8.905685,1.835962
Cell420,Group4,Batch1,1.9176484,-5.830834
Cell421,Group3,Batch1,-9.300154,1.184096
Cell422,Group4,Batch1,1.6287408,-6.956545
Cell423,Group3,Batch1,-9.842281,2.7928066
Cell424,Group2,Batch1,5.1617765,6.5008473
Cell425,Group4,Batch1,2.0268743,-6.365651
Cell426,Group2,Batch1,6.585248,7.3455634
Cell427,Group2,Batch1,5.485946,8.200526
Cell428,Group3,Batch1,-9.784578,2.4800766
Cell429,Group3,Batch1,-8.69123,2.6336677
Cell430,Group1,Batch1,-7.776751,11.434554
Cell431,Group3,Batch1,-9.288146,1.4936128
Cell432,Group4,Batch1,2.8121786,-7.728866
Cell433,Group4,Batch1,3.1288064,-5.0214224
Cell434,Group4,Batch1,3.5037532,-4.874279
Cell435,Group2,Batch1,5.196892,5.5342984
Cell436,Group3,Batch1,-8.750288,2.7269108
Cell437,Group4,Batch1,3.5300412,-5.873828
Cell438,Group2,Batch1,5.3600454,6.1353555
Cell439,Group1,Batch1,-7.841651,11.941625
Cell440,Group3,Batch1,-9.581455,2.0067503
Cell441,Group3,Batch1,-8.255949,1.9937747
Cell442,Group3,Batch1,-9.412206,3.2188678
Cell443,Group4,Batch1,3.510265,-4.7629147
Cell444,Group4,Batch1,3.7861702,-7.7179813
Cell445,Group4,Batch1,4.453959,-6.278646
Cell446,Group3,Batch1,-8.660495,2.6501634
Cell447,Group2,Batch1,4.8772573,7.087496
Cell448,Group4,Batch1,1.2053227,-5.793722
Cell449,Group4,Batch1,2.6079628,-7.0041423
Cell450,Group3,Batch1,-10.561296,2.277056
Cell451,Group4,Batch1,3.063397,-5.718994
Cell452,Group3,Batch1,-8.535984,2.5276794
Cell453,Group2,Batch1,4.66796,6.6134524
Cell454,Group2,Batch1,6.5538116,6.2205715
Cell455,Group4,Batch1,3.3267486,-7.662914
Cell456,Group3,Batch1,-8.36497,1.5874044
Cell457,Group1,Batch1,-7.573452,12.104146
Cell458,Group4,Batch1,3.1219356,-6.4958324
Cell459,Group4,Batch1,4.070553,-7.165604
Cell460,Group4,Batch1,3.1961875,-7.8117194
Cell461,Group4,Batch1,4.22403,-7.313565
Cell462,Group4,Batch1,2.9863675,-6.767739
Cell463,Group4,Batch1,2.291018,-7.0499167
Cell464,Group1,Batch1,-7.8567996,11.584154
Cell465,Group4,Batch1,2.090838,-5.0277543
Cell466,Group3,Batch1,-10.343958,4.0536094
Cell467,Group4,Batch1,2.1903045,-6.7653565
Cell468,Group4,Batch1,2.2674477,-6.058905
Cell469,Group4,Batch1,2.6858158,-6.7132297
Cell470,Group3,Batch1,-8.525418,3.0292516
Cell471,Group3,Batch1,-8.8154,2.336233
Cell472,Group2,Batch1,7.2535796,6.294239
Cell473,Group3,Batch1,-8.901763,3.2291028
Cell474,Group3,Batch1,-8.111617,2.8668737
Cell475,Group3,Batch1,-8.031539,3.714434
Cell476,Group4,Batch1,3.9481978,-6.8604
Cell477,Group4,Batch1,4.706071,-5.8094015
Cell478,Group2,Batch1,5.909346,7.964805
Cell479,Group3,Batch1,-9.8201475,2.2787912
Cell480,Group4,Batch1,3.2441757,-6.8041277
Cell481,Group4,Batch1,4.358759,-5.819406
Cell482,Group2,Batch1,6.372353,8.198309
Cell483,Group3,Batch1,-8.8237915,2.9758935
Cell484,Group4,Batch1,3.068011,-7.027196
Cell485,Group4,Batch1,2.7240188,-5.6748905
Cell486,Group3,Batch1,-10.955317,2.613154
Cell487,Group3,Batch1,-10.105616,2.611578
Cell488,Group4,Batch1,5.1968594,-6.07477
Cell489,Group2,Batch1,5.811035,8.500448
Cell490,Group3,Batch1,-9.448587,2.2257671
Cell491,Group2,Batch1,4.333419,7.1950183
Cell492,Group4,Batch1,3.7144885,-6.6988444
Cell493,Group3,Batch1,-8.99181,1.9422644
Cell494,Group1,Batch1,-8.199252,11.796707
Cell495,Group3,Batch1,-9.234671,2.840621
Cell496,Group4,Batch1,2.721032,-6.110531
Cell497,Group2,Batch1,4.840738,7.3502774
Cell498,Group2,Batch1,5.4574804,6.882223
Cell499,Group4,Batch1,2.0261474,-7.365199
Cell500,Group2,Batch1,6.4247108,5.668054
Cell501,Group2,Batch2,4.9400744,8.451292
Cell502,Group4,Batch2,1.0111321,-6.2612634
Cell503,Group2,Batch2,6.6815033,5.8001547
Cell504,Group4,Batch2,2.8275476,-6.8651237
Cell505,Group4,Batch2,4.2420535,-5.9158373
Cell506,Group2,Batch2,5.025606,8.59207
Cell507,Group4,Batch2,2.5364273,-7.399605
Cell508,Group3,Batch2,-8.690912,3.9665105
Cell509,Group3,Batch2,-9.3775625,2.2673898
Cell510,Group4,Batch2,2.7479076,-6.0423846
Cell511,Group3,Batch2,-10.151187,1.9235263
Cell512,Group2,Batch2,5.961773,7.7148094
Cell513,Group4,Batch2,4.6374774,-5.5928764
Cell514,Group4,Batch2,1.7118623,-6.425414
Cell515,Group2,Batch2,6.987212,7.280298
Cell516,Group2,Batch2,6.363296,8.524279
Cell517,Group4,Batch2,1.9859366,-6.387598
Cell518,Group2,Batch2,5.5097284,5.4574785
Cell519,Group3,Batch2,-10.410224,3.8155377
Cell520,Group4,Batch2,3.1397817,-6.5707226
Cell521,Group4,Batch2,2.7197073,-8.096031
Cell522,Group4,Batch2,3.1087701,-4.838333
Cell523,Group4,Batch2,3.5024164,-6.7489524
Cell524,Group2,Batch2,6.170521,6.1346507
Cell525,Group2,Batch2,6.9780297,7.7164836
Cell526,Group3,Batch2,-10.74955,3.3855286
Cell527,Group1,Batch2,-7.774858,11.722616
Cell528,Group3,Batch2,-9.443745,1.4838185
Cell529,Group2,Batch2,4.9954715,8.468282
Cell530,Group4,Batch2,2.6352687,-7.1417794
Cell531,Group3,Batch2,-8.305342,3.733777
Cell532,Group4,Batch2,3.9224105,-5.674301
Cell533,Group1,Batch2,-7.6247163,12.2857895
Cell534,Group4,Batch2,2.551675,-6.3192835
Cell535,Group4,Batch2,2.9387743,-5.8146043
Cell536,Group1,Batch2,-7.2798996,12.674043
Cell537,Group2,Batch2,4.639974,5.6071796
Cell538,Group3,Batch2,-10.334322,2.016658
Cell539,Group4,Batch2,1.7827129,-7.209604
Cell540,Group4,Batch2,4.711378,-6.2124386
Cell541,Group4,Batch2,2.1486332,-5.213792
Cell542,Group4,Batch2,3.8122919,-5.150022
Cell543,Group4,Batch2,2.6929755,-8.069916
Cell544,Group2,Batch2,5.863359,6.571734
Cell545,Group4,Batch2,2.3478458,-7.6887
Cell546,Group4,Batch2,1.575701,-6.155498
Cell547,Group2,Batch2,4.7756057,6.459243
Cell548,Group4,Batch2,1.606033,-7.067786
Cell549,Group2,Batch2,5.5843744,8.749941
Cell550,Group1,Batch2,-7.9891334,12.198814
Cell551,Group3,Batch2,-9.271007,2.7676544
Cell552,Group3,Batch2,-9.302855,1.6748899
Cell553,Group3,Batch2,-8.254313,2.9817004
Cell554,Group2,Batch2,5.943389,6.77795
Cell555,Group2,Batch2,5.457599,6.289068
Cell556,Group4,Batch2,2.2419496,-5.6869016
Cell557,Group4,Batch2,3.1206636,-5.18158
Cell558,Group3,Batch2,-11.090372,1.7856799
Cell559,Group3,Batch2,-8.953835,1.9927074
Cell560,Group2,Batch2,4.9867144,8.477611
Cell561,Group3,Batch2,-10.350476,3.8597665
Cell562,Group4,Batch2,1.9643178,-7.4204473
Cell563,Group3,Batch2,-8.799236,1.495971
Cell564,Group4,Batch2,1.2630786,-5.544601
Cell565,Group3,Batch2,-10.884087,3.7981858
Cell566,Group2,Batch2,6.4066396,7.4838037
Cell567,Group1,Batch2,-7.8730273,11.697811
Cell568,Group2,Batch2,5.8617644,6.5601387
Cell569,Group4,Batch2,2.6136532,-7.506514
Cell570,Group4,Batch2,4.0449443,-6.748569
Cell571,Group4,Batch2,2.894728,-6.384194
Cell572,Group3,Batch2,-10.296741,3.8970976
Cell573,Group4,Batch2,4.6897693,-6.5086713
Cell574,Group4,Batch2,2.9258826,-5.9163322
Cell575,Group3,Batch2,-11.129111,2.1324737
Cell576,Group4,Batch2,3.42208,-7.167567
Cell577,Group4,Batch2,3.2607918,-7.4705806
Cell578,Group4,Batch2,3.113925,-5.471481
Cell579,Group3,Batch2,-10.22292,1.6129068
Cell580,Group2,Batch2,7.3625245,6.0909567
Cell581,Group4,Batch2,2.775797,-7.9340734
Cell582,Group1,Batch2,-7.3542256,11.417743
Cell583,Group4,Batch2,2.5685174,-5.1354046
Cell584,Group2,Batch2,6.21132,7.434222
Cell585,Group2,Batch2,6.4906216,8.055568
Cell586,Group4,Batch2,3.0807362,-8.347849
Cell587,Group2,Batch2,4.663569,5.732697
Cell588,Group4,Batch2,4.8264594,-6.6811657
Cell589,Group3,Batch2,-9.052834,2.8350806
Cell590,Group3,Batch2,-8.473667,1.5170035
Cell591,Group2,Batch2,7.3017735,7.4168687
Cell592,Group4,Batch2,3.3252816,-8.430383
Cell593,Group2,Batch2,6.250093,6.939313
Cell594,Group4,Batch2,1.1992308,-6.425935
Cell595,Group3,Batch2,-8.951053,2.9026172
Cell596,Group3,Batch2,-9.655836,4.3808684
Cell597,Group4,Batch2,3.203087,-6.921731
Cell598,Group4,Batch2,3.124568,-5.722284
Cell599,Group4,Batch2,2.3503036,-5.7116685
Cell600,Group2,Batch2,4.259758,7.0511675
Cell601,Group4,Batch2,2.2359698,-4.833217
Cell602,Group4,Batch2,1.8251618,-5.950551
Cell603,Group3,Batch2,-9.2422495,1.1967723
Cell604,Group1,Batch2,-8.202073,12.490801
Cell605,Group3,Batch2,-10.575727,2.3991094
Cell606,Group2,Batch2,5.624954,7.4690175
Cell607,Group2,Batch2,6.3210588,5.827201
Cell608,Group2,Batch2,5.787808,8.456318
Cell609,Group4,Batch2,2.3416889,-6.8036137
Cell610,Group1,Batch2,-8.160214,11.770918
Cell611,Group4,Batch2,4.5488906,-5.523172
Cell612,Group2,Batch2,5.991487,6.7879786
Cell613,Group3,Batch2,-10.071506,3.327228
Cell614,Group2,Batch2,6.367484,6.343626
Cell615,Group3,Batch2,-8.397868,2.9870832
Cell616,Group1,Batch2,-7.3514886,11.616173
Cell617,Group2,Batch2,4.799835,6.247753
Cell618,Group2,Batch2,5.050783,7.2682934
Cell619,Group3,Batch2,-9.43674,4.2201214
Cell620,Group2,Batch2,7.6239977,7.4733953
Cell621,Group4,Batch2,2.4651203,-7.3845296
Cell622,Group4,Batch2,3.7271957,-7.2762494
Cell623,Group2,Batch2,4.695555,5.722636
Cell624,Group2,Batch2,4.4496236,6.075102
Cell625,Group3,Batch2,-8.217542,2.1952653
Cell626,Group1,Batch2,-7.876631,11.7409
Cell627,Group2,Batch2,5.03864,7.95666
Cell628,Group4,Batch2,2.0488513,-6.6262565
Cell629,Group4,Batch2,3.6547441,-7.211689
Cell630,Group2,Batch2,4.8041143,6.5196815
Cell631,Group2,Batch2,5.519978,6.327683
Cell632,Group2,Batch2,4.185966,7.3849473
Cell633,Group3,Batch2,-9.514845,2.1460176
Cell634,Group2,Batch2,6.7677703,7.8339467
Cell635,Group2,Batch2,7.025798,6.4901032
Cell636,Group2,Batch2,5.038014,6.9333673
Cell637,Group3,Batch2,-10.786396,2.8394086
Cell638,Group4,Batch2,3.2069457,-4.588132
Cell639,Group2,Batch2,7.536452,6.8756557
Cell640,Group3,Batch2,-9.102334,4.2105446
Cell641,Group4,Batch2,2.2955222,-6.7426515
Cell642,Group4,Batch2,1.1342033,-6.1621327
Cell643,Group3,Batch2,-8.986284,3.78516
Cell644,Group4,Batch2,3.1087012,-7.918273
Cell645,Group2,Batch2,5.791571,5.967347
Cell646,Group4,Batch2,1.5319583,-7.139285
Cell647,Group4,Batch2,2.5691726,-5.75661
Cell648,Group2,Batch2,4.338131,6.968108
Cell649,Group4,Batch2,3.550706,-8.108489
Cell650,Group4,Batch2,3.6057355,-7.7026467
Cell651,Group2,Batch2,5.172002,6.5694876
Cell652,Group4,Batch2,2.4855516,-8.259602
Cell653,Group2,Batch2,5.5420213,7.3143497
Cell654,Group4,Batch2,2.4493165,-5.1119733
Cell655,Group1,Batch2,-7.6715927,11.369594
Cell656,Group4,Batch2,4.531444,-6.104911
Cell657,Group4,Batch2,1.6686971,-7.3760643
Cell658,Group3,Batch2,-10.108528,3.3279996
Cell659,Group3,Batch2,-9.758156,3.4018164
Cell660,Group4,Batch2,4.0693865,-7.4665756
Cell661,Group4,Batch2,2.1731765,-8.257884
Cell662,Group4,Batch2,3.515886,-5.3083634
Cell663,Group4,Batch2,1.6599805,-7.1258492
Cell664,Group3,Batch2,-10.018165,3.9233563
Cell665,Group2,Batch2,6.7296047,5.98294
Cell666,Group4,Batch2,3.583521,-8.397711
Cell667,Group4,Batch2,2.378628,-7.56744
Cell668,Group2,Batch2,6.236201,6.2750635
Cell669,Group2,Batch2,4.9151626,6.9630346
Cell670,Group2,Batch2,5.584324,5.6663785
Cell671,Group2,Batch2,5.7764525,6.448834
Cell672,Group3,Batch2,-10.320297,2.923269
Cell673,Group3,Batch2,-10.36544,1.6259465
Cell674,Group2,Batch2,4.4204855,6.5444574
Cell675,Group4,Batch2,3.4947684,-5.738877
Cell676,Group3,Batch2,-9.150813,2.1922917
Cell677,Group3,Batch2,-10.21941,4.155749
Cell678,Group4,Batch2,4.1794953,-5.1416144
Cell679,Group4,Batch2,4.736172,-5.5097837
Cell680,Group2,Batch2,4.4336905,8.018744
Cell681,Group4,Batch2,5.189481,-6.914708
Cell682,Group4,Batch2,3.1307554,-7.959154
Cell683,Group4,Batch2,3.244187,-6.30509
Cell684,Group2,Batch2,4.765716,6.903289
Cell685,Group4,Batch2,2.7782469,-7.6885524
Cell686,Group4,Batch2,4.0163517,-6.4346294
Cell687,Group2,Batch2,5.303607,7.9422965
Cell688,Group2,Batch2,7.7431536,6.368724
Cell689,Group3,Batch2,-9.017608,4.2825994
Cell690,Group2,Batch2,7.025189,7.8123474
Cell691,Group1,Batch2,-7.1268363,11.599183
Cell692,Group4,Batch2,5.0348487,-7.0124636
Cell693,Group4,Batch2,1.4938041,-6.9240456
Cell694,Group1,Batch2,-7.7879715,11.316006
Cell695,Group2,Batch2,4.7783437,5.5095
Cell696,Group4,Batch2,3.5983202,-5.83802
Cell697,Group2,Batch2,6.1456184,7.607401
Cell698,Group4,Batch2,4.911705,-6.978366
Cell699,Group2,Batch2,5.750549,5.582121
Cell700,Group4,Batch2,3.322643,-6.8769712
Cell701,Group4,Batch2,4.4775405,-5.3728504
Cell702,Group2,Batch2,4.925424,8.060467
Cell703,Group4,Batch2,1.6448108,-7.236384
Cell704,Group4,Batch2,4.270742,-5.3816524
Cell705,Group2,Batch2,4.029136,6.924207
Cell706,Group3,Batch2,-10.305021,2.3310087
Cell707,Group3,Batch2,-9.601374,1.657723
Cell708,Group4,Batch2,2.876905,-6.239191
Cell709,Group1,Batch2,-7.591034,11.2171335
Cell710,Group2,Batch2,5.366014,6.536657
Cell711,Group4,Batch2,3.5211577,-7.6116104
Cell712,Group4,Batch2,3.209722,-5.563041
Cell713,Group3,Batch2,-7.9440017,3.9051597
Cell714,Group4,Batch2,2.1969447,-6.024722
Cell715,Group4,Batch2,2.7332265,-5.2836094
Cell716,Group4,Batch2,1.8805193,-5.2685065
Cell717,Group4,Batch2,3.0617783,-7.100552
Cell718,Group2,Batch2,6.726302,7.709788
Cell719,Group2,Batch2,7.597391,7.657877
Cell720,Group4,Batch2,3.6779373,-6.400149
Cell721,Group1,Batch2,-7.574459,11.513567
Cell722,Group4,Batch2,3.353375,-6.462394
Cell723,Group3,Batch2,-9.588278,3.1896784
Cell724,Group2,Batch2,4.75532,6.2933292
Cell725,Group2,Batch2,6.066546,7.8118157
Cell726,Group3,Batch2,-9.68117,2.9423287
Cell727,Group4,Batch2,4.8882937,-6.652949
Cell728,Group4,Batch2,5.0356426,-5.8599524
Cell729,Group4,Batch2,3.1670878,-7.583995
Cell730,Group3,Batch2,-9.058069,1.9721416
Cell731,Group4,Batch2,3.7057512,-5.39403
Cell732,Group2,Batch2,6.4551787,7.858128
Cell733,Group2,Batch2,6.605504,7.951779
Cell734,Group2,Batch2,6.0187955,6.140197
Cell735,Group4,Batch2,2.9184065,-5.8957148
Cell736,Group2,Batch2,5.1799836,5.499717
Cell737,Group3,Batch2,-8.522528,2.1428967
Cell738,Group4,Batch2,1.7677069,-7.6421
Cell739,Group2,Batch2,4.822149,8.465089
Cell740,Group2,Batch2,5.8274107,7.344675
Cell741,Group3,Batch2,-10.091849,1.9547344
Cell742,Group4,Batch2,2.3089979,-6.7739305
Cell743,Group3,Batch2,-9.579953,1.2477701
Cell744,Group3,Batch2,-9.637344,1.5144875
Cell745,Group2,Batch2,5.2669053,8.161785
Cell746,Group4,Batch2,4.1183524,-5.022148
Cell747,Group3,Batch2,-8.889876,1.7893783
Cell748,Group3,Batch2,-8.8873825,3.7678509
Cell749,Group2,Batch2,4.4658356,5.9566226
Cell750,Group4,Batch2,1.8149052,-7.4728117
Cell751,Group4,Batch2,2.0918503,-6.0246425
Cell752,Group3,Batch2,-9.260129,3.286013
Cell753,Group2,Batch2,6.026279,7.60868
Cell754,Group2,Batch2,4.6811366,6.0001097
Cell755,Group3,Batch2,-10.2880335,3.3820305
Cell756,Group4,Batch2,2.1143289,-6.433093
Cell757,Group3,Batch2,-8.2251425,3.5549965
Cell758,Group4,Batch2,2.6990945,-5.558034
Cell759,Group2,Batch2,7.83711,6.688445
Cell760,Group3,Batch2,-9.996303,2.904548
Cell761,Group2,Batch2,4.7835927,7.881226
Cell762,Group4,Batch2,2.8883283,-5.884473
Cell763,Group4,Batch2,2.982261,-6.140073
Cell764,Group4,Batch2,4.006446,-5.1043434
Cell765,Group2,Batch2,5.416053,7.6775656
Cell766,Group2,Batch2,5.5467606,6.451029
Cell767,Group1,Batch2,-7.8448315,11.224408
Cell768,Group1,Batch2,-8.059445,12.111542
Cell769,Group3,Batch2,-8.8426695,2.0044367
Cell770,Group4,Batch2,1.4961452,-6.6889315
Cell771,Group4,Batch2,2.7529163,-7.715904
Cell772,Group3,Batch2,-10.717988,3.5892787
Cell773,Group3,Batch2,-8.749344,2.6052368
Cell774,Group2,Batch2,6.13589,8.228652
Cell775,Group3,Batch2,-8.345759,2.2271557
Cell776,Group4,Batch2,3.000737,-7.8592997
Cell777,Group3,Batch2,-9.064835,1.7149763
Cell778,Group4,Batch2,2.6451828,-5.196951
Cell779,Group2,Batch2,7.3689327,7.5743613
Cell780,Group3,Batch2,-8.768563,1.5376362
Cell781,Group4,Batch2,2.740572,-5.9125843
Cell782,Group4,Batch2,2.4702706,-4.879787
Cell783,Group1,Batch2,-7.1130667,11.750158
Cell784,Group3,Batch2,-9.070822,3.1896589
Cell785,Group4,Batch2,3.3574107,-5.104163
Cell786,Group3,Batch2,-8.482966,1.7038819
Cell787,Group1,Batch2,-7.555982,11.682255
Cell788,Group2,Batch2,6.6618958,7.4406934
Cell789,Group2,Batch2,4.5999064,7.0088506
Cell790,Group1,Batch2,-7.2647705,12.664935
Cell791,Group3,Batch2,-11.063989,2.7602906
Cell792,Group3,Batch2,-10.680833,3.9345782
Cell793,Group4,Batch2,3.9400697,-4.8860807
Cell794,Group2,Batch2,4.84873,7.7118444
Cell795,Group4,Batch2,4.442534,-7.802235
Cell796,Group3,Batch2,-8.847616,4.17166
Cell797,Group4,Batch2,2.6499505,-7.000396
Cell798,Group2,Batch2,6.5365715,6.849407
Cell799,Group4,Batch2,4.5991306,-5.91689
Cell800,Group3,Batch2,-10.873961,2.4389431
Cell801,Group3,Batch2,-8.197338,3.145322
Cell802,Group1,Batch2,-7.3068213,12.307813
Cell803,Group4,Batch2,1.4347173,-6.0034943
Cell804,Group2,Batch2,5.035781,8.454658
Cell805,Group4,Batch2,3.2375102,-6.0119295
Cell806,Group2,Batch2,4.752201,7.117257
Cell807,Group2,Batch2,6.712271,6.8792486
Cell808,Group3,Batch2,-8.527043,2.3409216
Cell809,Group3,Batch2,-8.688652,1.9023615
Cell810,Group4,Batch2,2.148082,-6.837591
Cell811,Group4,Batch2,1.6860158,-5.098419
Cell812,Group4,Batch2,3.8321764,-7.465895
Cell813,Group2,Batch2,5.62116,8.155362
Cell814,Group4,Batch2,2.8389273,-8.141841
Cell815,Group4,Batch2,1.83482,-7.219813
Cell816,Group4,Batch2,1.8141111,-6.6507955
Cell817,Group2,Batch2,5.76308,7.45433
Cell818,Group4,Batch2,3.1463943,-4.418969
Cell819,Group1,Batch2,-7.216518,11.6446905
Cell820,Group3,Batch2,-10.002284,2.5212483
Cell821,Group2,Batch2,4.738929,7.582438
Cell822,Group2,Batch2,5.0455146,7.922543
Cell823,Group3,Batch2,-11.027359,3.0318441
Cell824,Group2,Batch2,5.8008165,7.306167
Cell825,Group3,Batch2,-10.1461,2.9679778
Cell826,Group4,Batch2,4.58695,-6.394043
Cell827,Group3,Batch2,-11.091598,2.5451193
Cell828,Group4,Batch2,2.9172165,-7.569717
Cell829,Group4,Batch2,3.735271,-4.4869742
Cell830,Group4,Batch2,1.4646707,-6.650386
Cell831,Group2,Batch2,6.284042,8.604108
Cell832,Group4,Batch2,2.947796,-7.351068
Cell833,Group1,Batch2,-6.930059,11.849703
Cell834,Group4,Batch2,4.592807,-6.338028
Cell835,Group4,Batch2,3.7869413,-8.392809
Cell836,Group3,Batch2,-9.667735,2.090148
Cell837,Group1,Batch2,-7.4227896,12.129136
Cell838,Group4,Batch2,3.8939056,-6.225851
Cell839,Group4,Batch2,1.8990406,-5.487951
Cell840,Group2,Batch2,7.3832426,6.525893
Cell841,Group4,Batch2,1.2550409,-6.7379746
Cell842,Group3,Batch2,-10.343264,2.1539588
Cell843,Group3,Batch2,-10.83359,2.9043963
Cell844,Group4,Batch2,1.5563995,-5.658581
Cell845,Group4,Batch2,2.7769217,-7.226882
Cell846,Group2,Batch2,5.495312,7.3559575
Cell847,Group1,Batch2,-8.050656,12.254102
Cell848,Group3,Batch2,-10.6458645,2.2168453
Cell849,Group2,Batch2,5.155714,6.6703935
Cell850,Group4,Batch2,2.9922748,-7.631395
Cell851,Group4,Batch2,2.5849478,-8.027689
Cell852,Group4,Batch2,1.6987842,-5.9643455
Cell853,Group4,Batch2,4.4032273,-5.6061964
Cell854,Group4,Batch2,2.1689255,-7.853639
Cell855,Group3,Batch2,-9.850184,3.3639922
Cell856,Group4,Batch2,3.873626,-7.5897803
Cell857,Group3,Batch2,-9.841268,2.196006
Cell858,Group4,Batch2,2.6160378,-6.072655
Cell859,Group4,Batch2,2.905755,-4.682588
Cell860,Group4,Batch2,3.2217233,-7.0459433
Cell861,Group3,Batch2,-10.664771,1.8644333
Cell862,Group1,Batch2,-7.40369,12.117158
Cell863,Group2,Batch2,6.525221,7.2456236
Cell864,Group4,Batch2,4.0069394,-5.8521743
Cell865,Group2,Batch2,7.005353,7.186418
Cell866,Group2,Batch2,5.9416413,5.495923
Cell867,Group3,Batch2,-9.027916,1.0887487
Cell868,Group3,Batch2,-8.80339,3.1778574
Cell869,Group3,Batch2,-9.0921545,3.4296422
Cell870,Group4,Batch2,1.6170834,-7.200738
Cell871,Group4,Batch2,3.960893,-5.0694866
Cell872,Group2,Batch2,5.7151847,7.870295
Cell873,Group4,Batch2,2.8431005,-7.544866
Cell874,Group4,Batch2,3.9622886,-5.301022
Cell875,Group4,Batch2,1.2912396,-5.8603244
Cell876,Group4,Batch2,3.415525,-7.2653933
Cell877,Group2,Batch2,6.7090683,6.386858
Cell878,Group2,Batch2,6.7812037,7.8094287
Cell879,Group4,Batch2,2.5106268,-7.204093
Cell880,Group3,Batch2,-10.038915,3.5249565
Cell881,Group2,Batch2,5.779664,6.6417336
Cell882,Group4,Batch2,4.51589,-5.6842837
Cell883,Group2,Batch2,6.9651814,6.327021
Cell884,Group4,Batch2,4.0892234,-5.9762964
Cell885,Group3,Batch2,-8.346246,3.417891
Cell886,Group4,Batch2,2.326914,-6.2194943
Cell887,Group4,Batch2,2.1499448,-6.5613503
Cell888,Group3,Batch2,-9.150504,2.189013
Cell889,Group2,Batch2,5.3259063,7.457459
Cell890,Group3,Batch2,-9.295868,2.4929442
Cell891,Group4,Batch2,3.8850446,-7.867902
Cell892,Group4,Batch2,3.892749,-7.4326134
Cell893,Group2,Batch2,6.2427974,7.673041
Cell894,Group4,Batch2,1.7277544,-6.215475
Cell895,Group1,Batch2,-7.5937576,11.104675
Cell896,Group4,Batch2,2.3632846,-5.962015
Cell897,Group4,Batch2,1.8523968,-6.1325483
Cell898,Group4,Batch2,1.455295,-6.93753
Cell899,Group3,Batch2,-9.1935625,2.7445297
Cell900,Group4,Batch2,5.074693,-5.685049
Cell901,Group3,Batch2,-8.654183,3.5262325
Cell902,Group2,Batch2,5.4148717,6.4897714
Cell903,Group3,Batch2,-9.4390955,1.3143104
Cell904,Group4,Batch2,3.3121026,-6.2233424
Cell905,Group3,Batch2,-8.385152,3.6605096
Cell906,Group2,Batch2,6.105768,7.31308
Cell907,Group1,Batch2,-7.806116,11.320432
Cell908,Group4,Batch2,2.98031,-7.5284534
Cell909,Group4,Batch2,3.243388,-4.917887
Cell910,Group2,Batch2,7.377345,7.000281
Cell911,Group4,Batch2,3.8144035,-7.1140137
Cell912,Group4,Batch2,3.8762517,-5.361796
Cell913,Group2,Batch2,5.8854895,5.806947
Cell914,Group2,Batch2,5.92995,7.3501735
Cell915,Group2,Batch2,4.563953,6.6553726
Cell916,Group4,Batch2,1.9760476,-6.810381
Cell917,Group4,Batch2,3.9927719,-7.0731397
Cell918,Group2,Batch2,4.5864496,7.828289
Cell919,Group4,Batch2,2.2919726,-5.14889
Cell920,Group4,Batch2,2.7329016,-7.9938755
Cell921,Group4,Batch2,3.4385178,-8.301019
Cell922,Group4,Batch2,4.2938366,-6.0489407
Cell923,Group2,Batch2,5.873751,8.557308
Cell924,Group4,Batch2,2.3618217,-5.4878945
Cell925,Group2,Batch2,5.9363894,7.344617
Cell926,Group2,Batch2,5.5186276,6.870466
Cell927,Group3,Batch2,-10.330129,1.8661809
Cell928,Group3,Batch2,-8.333337,1.6766258
Cell929,Group2,Batch2,6.146105,8.306318
Cell930,Group4,Batch2,2.077125,-4.921922
Cell931,Group4,Batch2,3.2702324,-5.710502
Cell932,Group2,Batch2,5.579518,7.152102
Cell933,Group2,Batch2,4.5040402,6.279651
Cell934,Group4,Batch2,2.341827,-5.2114925
Cell935,Group3,Batch2,-9.140459,3.9691405
Cell936,Group3,Batch2,-9.534009,4.3637867
Cell937,Group3,Batch2,-8.908766,1.6330457
Cell938,Group3,Batch2,-10.936261,3.6693962
Cell939,Group1,Batch2,-7.5966616,12.11683
Cell940,Group4,Batch2,2.6497707,-7.2958736
Cell941,Group2,Batch2,4.4186172,7.8804693
Cell942,Group3,Batch2,-9.880017,4.216583
Cell943,Group4,Batch2,2.3066075,-8.028652
Cell944,Group4,Batch2,3.491477,-8.1186905
Cell945,Group4,Batch2,2.9367757,-4.6880665
Cell946,Group4,Batch2,2.278301,-5.252865
Cell947,Group1,Batch2,-7.679151,12.202942
Cell948,Group4,Batch2,4.1647525,-5.4634333
Cell949,Group2,Batch2,5.6598053,7.1635127
Cell950,Group2,Batch2,6.1218586,6.154813
Cell951,Group3,Batch2,-9.528488,1.6585357
Cell952,Group4,Batch2,1.1872575,-6.2890186
Cell953,Group2,Batch2,5.5392895,8.63857
Cell954,Group3,Batch2,-8.408993,1.5913715
Cell955,Group2,Batch2,5.7355747,6.4695487
Cell956,Group3,Batch2,-8.161845,1.7826802
Cell957,Group3,Batch2,-8.730365,1.8853812
Cell958,Group2,Batch2,6.324133,6.38064
Cell959,Group4,Batch2,2.5103898,-4.835053
Cell960,Group4,Batch2,3.0488226,-4.8726444
Cell961,Group4,Batch2,3.050987,-5.915532
Cell962,Group4,Batch2,1.8725308,-6.3106956
Cell963,Group3,Batch2,-10.547063,3.8558059
Cell964,Group4,Batch2,3.739568,-6.980213
Cell965,Group2,Batch2,7.025814,6.03022
Cell966,Group3,Batch2,-10.3112545,3.015872
Cell967,Group4,Batch2,1.453349,-6.787527
Cell968,Group2,Batch2,5.749121,7.2234893
Cell969,Group4,Batch2,3.1352773,-6.964601
Cell970,Group4,Batch2,2.4145207,-7.9912953
Cell971,Group4,Batch2,1.687005,-7.508631
Cell972,Group2,Batch2,5.246297,8.739212
Cell973,Group2,Batch2,6.650802,7.1577525
Cell974,Group4,Batch2,3.1348636,-6.760896
Cell975,Group4,Batch2,2.5702853,-5.1734395
Cell976,Group3,Batch2,-9.841831,2.9718096
Cell977,Group4,Batch2,2.172961,-7.1323977
Cell978,Group2,Batch2,4.9305806,6.263228
Cell979,Group4,Batch2,2.6230304,-6.6471024
Cell980,Group4,Batch2,1.0228654,-6.259632
Cell981,Group2,Batch2,5.6946673,5.9271083
Cell982,Group2,Batch2,6.333609,8.27653
Cell983,Group4,Batch2,1.4600133,-5.1595764
Cell984,Group2,Batch2,5.2283387,7.2654724
Cell985,Group4,Batch2,1.575981,-7.017378
Cell986,Group1,Batch2,-7.3678074,11.317189
Cell987,Group3,Batch2,-8.053632,2.448966
Cell988,Group4,Batch2,2.4787915,-6.364689
Cell989,Group4,Batch2,3.6114843,-7.813741
Cell990,Group4,Batch2,4.1528506,-5.6608562
Cell991,Group1,Batch2,-7.102319,11.021665
Cell992,Group2,Batch2,4.683001,6.7599063
Cell993,Group2,Batch2,4.3252473,8.103534
Cell994,Group2,Batch2,7.226406,6.298986
Cell995,Group2,Batch2,6.015096,8.342186
Cell996,Group4,Batch2,1.8563489,-7.8813515
Cell997,Group2,Batch2,5.9580593,7.25297
Cell998,Group2,Batch2,5.973244,5.966163
Cell999,Group4,Batch2,3.4354968,-4.556802
Cell1000,Group3,Batch2,-9.534808,2.5692444
Cell1001,Group4,Batch3,3.893627,-5.7799206
Cell1002,Group3,Batch3,-10.209029,3.3442285
Cell1003,Group2,Batch3,6.577882,6.987266
Cell1004,Group3,Batch3,-9.1213665,2.1117861
Cell1005,Group3,Batch3,-9.766812,3.5509188
Cell1006,Group4,Batch3,4.543556,-5.5382333
Cell1007,Group4,Batch3,4.46992,-7.798229
Cell1008,Group2,Batch3,5.1293,7.4863205
Cell1009,Group3,Batch3,-10.035527,1.985728
Cell1010,Group2,Batch3,6.5613513,6.2555275
Cell1011,Group3,Batch3,-10.178084,2.8616178
Cell1012,Group1,Batch3,-7.7284226,11.734334
Cell1013,Group4,Batch3,2.0406063,-6.420386
Cell1014,Group3,Batch3,-9.5507145,2.5116851
Cell1015,Group4,Batch3,4.696462,-6.04708
Cell1016,Group2,Batch3,5.8072495,5.3074727
Cell1017,Group2,Batch3,6.077611,6.524393
Cell1018,Group4,Batch3,1.0717225,-6.048423
Cell1019,Group2,Batch3,5.7598224,7.193413
Cell1020,Group4,Batch3,3.206679,-5.429233
Cell1021,Group2,Batch3,5.469817,8.182833
Cell1022,Group3,Batch3,-8.378057,3.5839121
Cell1023,Group4,Batch3,1.7729942,-5.607816
Cell1024,Group3,Batch3,-8.361343,2.458435
Cell1025,Group2,Batch3,4.7462735,7.30656
Cell1026,Group3,Batch3,-8.279724,2.7810817
Cell1027,Group4,Batch3,3.9471335,-7.013525
Cell1028,Group2,Batch3,4.7897277,8.252014
Cell1029,Group4,Batch3,2.5573967,-6.536505
Cell1030,Group4,Batch3,2.7227752,-7.011046
Cell1031,Group2,Batch3,6.2371316,6.8580747
Cell1032,Group4,Batch3,4.852601,-7.3050914
Cell1033,Group4,Batch3,2.5391738,-7.058933
Cell1034,Group3,Batch3,-9.229215,2.9704757
Cell1035,Group2,Batch3,5.374254,6.0967855
Cell1036,Group4,Batch3,3.7489882,-7.6166983
Cell1037,Group3,Batch3,-8.2553215,2.8024247
Cell1038,Group3,Batch3,-10.417863,2.298191
Cell1039,Group4,Batch3,1.6325345,-7.880358
Cell1040,Group4,Batch3,4.11652,-6.400395
Cell1041,Group4,Batch3,3.822085,-4.8581805
Cell1042,Group4,Batch3,5.2077837,-7.123171
Cell1043,Group4,Batch3,4.2046423,-8.052748
Cell1044,Group4,Batch3,4.5831113,-6.843779
Cell1045,Group3,Batch3,-8.960803,4.4455676
Cell1046,Group2,Batch3,5.6926055,6.826917
Cell1047,Group3,Batch3,-9.344003,3.2213252
Cell1048,Group3,Batch3,-9.739376,2.7078855
Cell1049,Group2,Batch3,5.0310473,5.9587893
Cell1050,Group2,Batch3,6.371337,6.1144743
Cell1051,Group2,Batch3,5.5518475,7.5978518
Cell1052,Group3,Batch3,-9.018401,2.8505962
Cell1053,Group4,Batch3,4.986982,-6.391342
Cell1054,Group4,Batch3,1.9412007,-5.8909883
Cell1055,Group3,Batch3,-8.929486,2.8093543
Cell1056,Group2,Batch3,6.532171,7.9858227
Cell1057,Group4,Batch3,5.1369348,-6.008234
Cell1058,Group3,Batch3,-8.949179,2.4064703
Cell1059,Group2,Batch3,6.1557035,5.7370124
Cell1060,Group2,Batch3,6.5689354,6.2731733
Cell1061,Group4,Batch3,2.6216352,-5.0942287
Cell1062,Group2,Batch3,6.2151527,7.6770496
Cell1063,Group4,Batch3,4.127136,-7.4256597
Cell1064,Group3,Batch3,-10.252579,3.1500375
Cell1065,Group2,Batch3,5.188184,6.0782046
Cell1066,Group2,Batch3,5.240414,7.630791
Cell1067,Group4,Batch3,4.9097652,-6.7812886
Cell1068,Group3,Batch3,-9.512288,3.8053164
Cell1069,Group2,Batch3,5.134968,6.284979
Cell1070,Group3,Batch3,-8.69405,3.8210695
Cell1071,Group4,Batch3,5.0047455,-5.630245
Cell1072,Group4,Batch3,3.1286795,-6.255277
Cell1073,Group4,Batch3,4.3957386,-5.5436187
Cell1074,Group3,Batch3,-8.1410675,3.01003
Cell1075,Group4,Batch3,4.0503225,-6.2009087
Cell1076,Group4,Batch3,4.5578012,-6.956194
Cell1077,Group4,Batch3,2.8250499,-5.8657346
Cell1078,Group4,Batch3,2.695873,-8.078186
Cell1079,Group4,Batch3,3.5894623,-7.9891768
Cell1080,Group3,Batch3,-9.431966,1.2796854
Cell1081,Group3,Batch3,-8.567054,1.8629256
Cell1082,Group2,Batch3,5.3619113,7.7953515
Cell1083,Group2,Batch3,7.5003386,6.6058745
Cell1084,Group3,Batch3,-9.3306055,3.6991103
Cell1085,Group3,Batch3,-8.06172,2.6582458
Cell1086,Group4,Batch3,1.7957281,-6.969858
Cell1087,Group3,Batch3,-10.035564,1.5761085
Cell1088,Group2,Batch3,6.508107,7.0394554
Cell1089,Group4,Batch3,3.550422,-6.8442984
Cell1090,Group2,Batch3,4.6279993,7.1043983
Cell1091,Group4,Batch3,5.2381053,-7.006504
Cell1092,Group2,Batch3,5.616758,8.113601
Cell1093,Group3,Batch3,-8.188135,2.5123076
Cell1094,Group4,Batch3,2.3918772,-8.20702
Cell1095,Group4,Batch3,2.652412,-7.3050184
Cell1096,Group3,Batch3,-9.827183,2.806028
Cell1097,Group3,Batch3,-9.020969,2.8308809
Cell1098,Group4,Batch3,1.2005924,-7.0181394
Cell1099,Group2,Batch3,5.725603,6.84563
Cell1100,Group2,Batch3,7.1054926,6.489848
Cell1101,Group3,Batch3,-9.742304,3.9163103
Cell1102,Group4,Batch3,3.5340452,-4.4692597
Cell1103,Group3,Batch3,-7.9266415,2.8126323
Cell1104,Group4,Batch3,1.5713228,-6.4689755
Cell1105,Group1,Batch3,-7.0264854,11.462701
Cell1106,Group2,Batch3,5.2203345,6.981327
Cell1107,Group2,Batch3,6.2168145,7.6633444
Cell1108,Group2,Batch3,6.8985376,7.878605
Cell1109,Group2,Batch3,6.5898485,7.661024
Cell1110,Group3,Batch3,-8.416788,2.4370668
Cell1111,Group4,Batch3,3.5863712,-6.0425973
Cell1112,Group4,Batch3,2.0182,-7.715215
Cell1113,Group3,Batch3,-10.467768,1.8513788
Cell1114,Group3,Batch3,-9.190485,2.0723796
Cell1115,Group2,Batch3,4.528423,7.0127125
Cell1116,Group3,Batch3,-8.701363,4.217426
Cell1117,Group2,Batch3,4.791468,5.7909036
Cell1118,Group4,Batch3,4.4421926,-5.669501
Cell1119,Group3,Batch3,-9.613201,2.3978226
Cell1120,Group2,Batch3,6.590855,7.553142
Cell1121,Group2,Batch3,4.8298154,6.965738
Cell1122,Group2,Batch3,5.3855243,7.6232953
Cell1123,Group1,Batch3,-7.982763,11.5603695
Cell1124,Group2,Batch3,5.486303,7.8933444
Cell1125,Group4,Batch3,1.5723045,-5.661173
Cell1126,Group4,Batch3,3.4222019,-8.200427
Cell1127,Group3,Batch3,-9.169033,1.1636939
Cell1128,Group3,Batch3,-9.436789,1.8309258
Cell1129,Group3,Batch3,-9.715184,3.4587338
Cell1130,Group3,Batch3,-10.49466,3.4793046
Cell1131,Group2,Batch3,4.7518816,6.9096403
Cell1132,Group4,Batch3,3.7692094,-8.340058
Cell1133,Group1,Batch3,-7.0801187,12.179366
Cell1134,Group1,Batch3,-7.1725473,11.983839
Cell1135,Group1,Batch3,-7.763534,11.51156
Cell1136,Group2,Batch3,5.9078965,8.0780945
Cell1137,Group4,Batch3,3.5848663,-6.7676997
Cell1138,Group2,Batch3,4.2846317,6.9814515
Cell1139,Group4,Batch3,1.6340684,-7.4803896
Cell1140,Group1,Batch3,-8.120804,12.317812
Cell1141,Group3,Batch3,-9.924362,2.3650646
Cell1142,Group4,Batch3,3.8623476,-7.6201777
Cell1143,Group3,Batch3,-10.228134,3.0762446
Cell1144,Group4,Batch3,3.3535926,-7.6478887
Cell1145,Group3,Batch3,-8.756345,2.1108394
Cell1146,Group2,Batch3,4.6267233,7.1211295
Cell1147,Group4,Batch3,3.043244,-7.302346
Cell1148,Group4,Batch3,4.6256623,-7.457449
Cell1149,Group4,Batch3,1.3252711,-6.136418
Cell1150,Group3,Batch3,-9.275335,2.6255438
Cell1151,Group2,Batch3,4.769296,7.9069943
Cell1152,Group1,Batch3,-7.641584,11.8959
Cell1153,Group2,Batch3,5.443547,6.570942
Cell1154,Group2,Batch3,6.584759,8.515717
Cell1155,Group3,Batch3,-10.767502,2.3183727
Cell1156,Group4,Batch3,2.3331811,-6.2975016
Cell1157,Group3,Batch3,-10.521068,3.738653
Cell1158,Group2,Batch3,4.9488916,6.8349605
Cell1159,Group4,Batch3,4.3508058,-5.1881604
Cell1160,Group2,Batch3,4.329985,7.694052
Cell1161,Group3,Batch3,-10.074557,2.1082213
Cell1162,Group3,Batch3,-9.711352,2.7922137
Cell1163,Group2,Batch3,6.9065504,7.4605846
Cell1164,Group3,Batch3,-8.637835,2.482469
Cell1165,Group1,Batch3,-7.2343674,11.35225
Cell1166,Group3,Batch3,-10.070359,3.8585513
Cell1167,Group3,Batch3,-8.506168,2.1727643
Cell1168,Group4,Batch3,4.4317336,-7.612419
Cell1169,Group3,Batch3,-9.490627,3.0234168
Cell1170,Group3,Batch3,-9.267683,3.3276527
Cell1171,Group2,Batch3,5.1786566,7.2410355
Cell1172,Group4,Batch3,4.3929257,-7.3577104
Cell1173,Group4,Batch3,4.426937,-7.391374
Cell1174,Group1,Batch3,-7.0038834,11.869045
Cell1175,Group1,Batch3,-7.604788,12.104928
Cell1176,Group2,Batch3,4.751894,5.7187862
Cell1177,Group4,Batch3,3.467828,-5.6954174
Cell1178,Group2,Batch3,4.667114,5.881179
Cell1179,Group1,Batch3,-7.486023,12.139831
Cell1180,Group2,Batch3,5.572968,6.1268363
Cell1181,Group2,Batch3,4.164269,7.3076215
Cell1182,Group4,Batch3,3.3896472,-6.752285
Cell1183,Group3,Batch3,-9.661922,1.5726275
Cell1184,Group2,Batch3,5.0557437,5.3718176
Cell1185,Group4,Batch3,3.5183,-6.5965433
Cell1186,Group4,Batch3,4.4679594,-5.757221
Cell1187,Group4,Batch3,4.1478105,-6.351846
Cell1188,Group3,Batch3,-8.664251,2.232754
Cell1189,Group3,Batch3,-9.561624,3.6450872
Cell1190,Group2,Batch3,4.623159,8.255039
Cell1191,Group1,Batch3,-7.794693,12.131234
Cell1192,Group3,Batch3,-10.670019,1.7544187
Cell1193,Group4,Batch3,2.2739692,-6.3218837
Cell1194,Group2,Batch3,6.2920814,7.176837
Cell1195,Group2,Batch3,7.3784623,6.083708
Cell1196,Group2,Batch3,4.3297205,7.2754283
Cell1197,Group3,Batch3,-9.890854,1.6392745
Cell1198,Group4,Batch3,3.0713542,-6.0046396
Cell1199,Group3,Batch3,-9.592638,2.6079462
Cell1200,Group2,Batch3,4.207185,6.631215
Cell1201,Group4,Batch3,4.0923038,-6.5332084
Cell1202,Group4,Batch3,1.484412,-6.6655154
Cell1203,Group4,Batch3,4.532753,-5.6972327
Cell1204,Group4,Batch3,4.678899,-7.1061344
Cell1205,Group4,Batch3,4.245045,-8.135865
Cell1206,Group4,Batch3,3.963285,-7.280834
Cell1207,Group4,Batch3,3.634844,-8.045958
Cell1208,Group1,Batch3,-7.2748785,12.292793
Cell1209,Group3,Batch3,-10.249451,3.7221107
Cell1210,Group4,Batch3,2.2456377,-7.548034
Cell1211,Group3,Batch3,-7.997024,3.0252929
Cell1212,Group3,Batch3,-9.442405,3.066638
Cell1213,Group1,Batch3,-7.6105328,11.153293
Cell1214,Group2,Batch3,4.727922,5.9052324
Cell1215,Group2,Batch3,6.857939,7.296956
Cell1216,Group3,Batch3,-8.861957,2.1894367
Cell1217,Group4,Batch3,1.5497777,-6.747329
Cell1218,Group4,Batch3,2.647515,-7.0889754
Cell1219,Group2,Batch3,5.8361573,7.953842
Cell1220,Group4,Batch3,3.233921,-7.3047357
Cell1221,Group1,Batch3,-7.109308,12.001561
Cell1222,Group3,Batch3,-9.1205435,2.3841968
Cell1223,Group3,Batch3,-8.196437,3.5617688
Cell1224,Group2,Batch3,6.0690937,6.423814
Cell1225,Group3,Batch3,-9.4784775,1.8525541
Cell1226,Group4,Batch3,2.188641,-7.9199867
Cell1227,Group3,Batch3,-8.614784,2.067757
Cell1228,Group4,Batch3,3.8791692,-6.03963
Cell1229,Group3,Batch3,-8.901142,2.2907896
Cell1230,Group2,Batch3,4.910092,7.0088854
Cell1231,Group4,Batch3,1.7591306,-5.6622567
Cell1232,Group4,Batch3,2.1981606,-6.811462
Cell1233,Group3,Batch3,-9.668522,2.2731702
Cell1234,Group3,Batch3,-8.568715,2.3571744
Cell1235,Group2,Batch3,7.1150227,8.237334
Cell1236,Group4,Batch3,4.2505198,-7.3200927
Cell1237,Group2,Batch3,6.2804217,5.715575
Cell1238,Group4,Batch3,2.8634632,-5.251057
Cell1239,Group4,Batch3,3.9059548,-6.7198067
Cell1240,Group2,Batch3,6.0660305,8.097988
Cell1241,Group1,Batch3,-7.768128,11.971199
Cell1242,Group4,Batch3,3.2379622,-6.562147
Cell1243,Group4,Batch3,3.547941,-6.6639624
Cell1244,Group1,Batch3,-7.7655015,11.829018
Cell1245,Group1,Batch3,-7.2635946,12.229304
Cell1246,Group3,Batch3,-9.721348,2.7932951
Cell1247,Group2,Batch3,6.3567495,6.756972
Cell1248,Group4,Batch3,2.6570065,-7.1655407
Cell1249,Group4,Batch3,3.7658806,-6.9429116
Cell1250,Group2,Batch3,6.462751,6.098894
Cell1251,Group2,Batch3,4.9420285,6.6319323
Cell1252,Group2,Batch3,5.062892,7.5344195
Cell1253,Group4,Batch3,3.8171856,-7.6084175
Cell1254,Group4,Batch3,2.8491654,-5.9626637
Cell1255,Group2,Batch3,7.254223,7.1471734
Cell1256,Group3,Batch3,-10.838726,3.2565
Cell1257,Group2,Batch3,6.5287647,5.814487
Cell1258,Group4,Batch3,2.6398933,-8.063583
Cell1259,Group3,Batch3,-10.920897,2.206948
Cell1260,Group4,Batch3,3.68672,-6.1189632
Cell1261,Group4,Batch3,5.040122,-6.587335
Cell1262,Group4,Batch3,4.196765,-6.3868356
Cell1263,Group3,Batch3,-9.792593,3.4259737
Cell1264,Group4,Batch3,4.6563487,-5.4388413
Cell1265,Group4,Batch3,5.012196,-6.2909303
Cell1266,Group3,Batch3,-8.047735,1.9931808
Cell1267,Group2,Batch3,6.518368,7.671957
Cell1268,Group3,Batch3,-9.538184,2.219313
Cell1269,Group4,Batch3,1.6753483,-6.5256953
Cell1270,Group2,Batch3,6.683251,5.432241
Cell1271,Group2,Batch3,5.0114775,6.6610465
Cell1272,Group4,Batch3,2.306659,-7.6218195
Cell1273,Group3,Batch3,-8.565984,3.7141814
Cell1274,Group3,Batch3,-9.341097,2.7117603
Cell1275,Group3,Batch3,-9.821211,2.1741793
Cell1276,Group3,Batch3,-7.958783,3.2381299
Cell1277,Group3,Batch3,-9.385148,2.122521
Cell1278,Group4,Batch3,4.2635517,-6.9573407
Cell1279,Group4,Batch3,3.7797372,-5.6729403
Cell1280,Group3,Batch3,-9.104827,1.57585
Cell1281,Group4,Batch3,3.6221437,-6.520631
Cell1282,Group4,Batch3,2.3489854,-6.8371553
Cell1283,Group3,Batch3,-9.5304785,1.6060195
Cell1284,Group3,Batch3,-10.535403,2.1935923
Cell1285,Group2,Batch3,5.498116,6.955968
Cell1286,Group3,Batch3,-9.36784,4.0242686
Cell1287,Group3,Batch3,-9.884046,3.208703
Cell1288,Group4,Batch3,2.3922677,-5.7269382
Cell1289,Group2,Batch3,5.0186768,5.5800548
Cell1290,Group3,Batch3,-9.372692,2.6680627
Cell1291,Group3,Batch3,-10.169243,2.4178765
Cell1292,Group2,Batch3,4.2986617,6.622807
Cell1293,Group2,Batch3,5.050471,8.478136
Cell1294,Group4,Batch3,2.0089822,-7.8240166
Cell1295,Group2,Batch3,6.5130644,7.1913457
Cell1296,Group2,Batch3,6.470921,8.441946
Cell1297,Group4,Batch3,5.233652,-6.4218574
Cell1298,Group2,Batch3,5.6265974,6.2714214
Cell1299,Group4,Batch3,2.8487203,-6.5531
Cell1300,Group1,Batch3,-7.788715,12.004089
Cell1301,Group1,Batch3,-6.919956,12.223339
Cell1302,Group3,Batch3,-10.392751,2.9592175
Cell1303,Group3,Batch3,-9.78459,2.1051278
Cell1304,Group4,Batch3,4.4368267,-5.532699
Cell1305,Group4,Batch3,3.577544,-6.0825715
Cell1306,Group3,Batch3,-10.4535,3.1646447
Cell1307,Group3,Batch3,-9.165129,1.7449945
Cell1308,Group4,Batch3,1.0575092,-5.6796875
Cell1309,Group4,Batch3,1.9933809,-5.128911
Cell1310,Group4,Batch3,1.9632378,-5.8963785
Cell1311,Group1,Batch3,-7.328492,12.06083
Cell1312,Group3,Batch3,-10.977777,2.544617
Cell1313,Group3,Batch3,-9.110292,3.6733332
Cell1314,Group3,Batch3,-8.807778,3.6097772
Cell1315,Group3,Batch3,-8.730379,3.0275056
Cell1316,Group2,Batch3,4.8449097,5.9763193
Cell1317,Group2,Batch3,4.8804693,6.704099
Cell1318,Group3,Batch3,-8.329549,2.7155013
Cell1319,Group4,Batch3,3.9371083,-5.6165104
Cell1320,Group2,Batch3,5.187215,6.1481185
Cell1321,Group2,Batch3,5.5610056,8.159072
Cell1322,Group4,Batch3,2.1234484,-5.751545
Cell1323,Group2,Batch3,4.1553307,7.774177
Cell1324,Group2,Batch3,4.7972164,7.3457646
Cell1325,Group1,Batch3,-7.000865,11.922659
Cell1326,Group2,Batch3,5.3107142,7.6096826
Cell1327,Group2,Batch3,4.8662477,6.8548846
Cell1328,Group3,Batch3,-8.649282,2.1405745
Cell1329,Group3,Batch3,-8.896733,2.7302728
Cell1330,Group4,Batch3,3.2430725,-6.4173594
Cell1331,Group2,Batch3,5.1328216,7.716621
Cell1332,Group4,Batch3,4.171616,-6.392419
Cell1333,Group4,Batch3,2.5930033,-6.084188
Cell1334,Group3,Batch3,-10.777496,3.796113
Cell1335,Group3,Batch3,-10.437874,2.330305
Cell1336,Group2,Batch3,6.3838553,6.5208707
Cell1337,Group2,Batch3,7.27316,7.745733
Cell1338,Group4,Batch3,3.1793606,-8.183039
Cell1339,Group2,Batch3,6.255146,7.473164
Cell1340,Group4,Batch3,2.1944666,-7.098781
Cell1341,Group4,Batch3,4.1215873,-5.4920673
Cell1342,Group3,Batch3,-9.661651,3.737853
Cell1343,Group2,Batch3,5.9257092,7.355674
Cell1344,Group3,Batch3,-9.710092,2.2239158
Cell1345,Group3,Batch3,-10.075287,2.9181716
Cell1346,Group4,Batch3,3.9274523,-7.4476748
Cell1347,Group4,Batch3,4.4413586,-7.159195
Cell1348,Group3,Batch3,-9.229892,1.5967042
Cell1349,Group2,Batch3,5.584421,6.3671894
Cell1350,Group4,Batch3,2.225608,-6.0195103
Cell1351,Group2,Batch3,7.0736017,6.930601
Cell1352,Group4,Batch3,2.8969572,-5.552202
Cell1353,Group3,Batch3,-10.00896,1.4045485
Cell1354,Group1,Batch3,-7.038791,11.905914
Cell1355,Group4,Batch3,3.6946943,-5.2607946
Cell1356,Group4,Batch3,4.116896,-6.2465425
Cell1357,Group4,Batch3,3.6798,-6.9834256
Cell1358,Group4,Batch3,3.4578469,-7.0178947
Cell1359,Group4,Batch3,4.3658905,-6.952389
Cell1360,Group1,Batch3,-7.449805,12.228733
Cell1361,Group2,Batch3,5.2147245,5.8189883
Cell1362,Group4,Batch3,2.4318817,-6.4737873
Cell1363,Group2,Batch3,5.7908273,6.7765207
Cell1364,Group2,Batch3,7.5015473,6.678074
Cell1365,Group3,Batch3,-10.433865,3.8162313
Cell1366,Group4,Batch3,4.3119054,-7.340216
Cell1367,Group4,Batch3,2.674055,-7.743349
Cell1368,Group3,Batch3,-7.983634,3.6334317
Cell1369,Group4,Batch3,2.708719,-6.162956
Cell1370,Group3,Batch3,-9.37018,1.7303154
Cell1371,Group4,Batch3,4.1627836,-6.421656
Cell1372,Group3,Batch3,-9.881188,2.5745783
Cell1373,Group2,Batch3,6.587603,8.274802
Cell1374,Group2,Batch3,6.024217,5.838311
Cell1375,Group2,Batch3,4.7826777,5.8451476
Cell1376,Group2,Batch3,4.8862214,7.0933824
Cell1377,Group4,Batch3,2.3695483,-5.995044
Cell1378,Group2,Batch3,4.547801,7.0447764
Cell1379,Group3,Batch3,-10.199094,2.259625
Cell1380,Group1,Batch3,-7.959339,12.231474
Cell1381,Group3,Batch3,-9.263045,3.7289536
Cell1382,Group4,Batch3,3.6976717,-6.0174837
Cell1383,Group1,Batch3,-7.507087,12.405387
Cell1384,Group2,Batch3,6.5773115,6.2276335
Cell1385,Group4,Batch3,1.1649585,-6.614118
Cell1386,Group4,Batch3,4.0739894,-7.135294
Cell1387,Group2,Batch3,6.1394057,8.26238
Cell1388,Group3,Batch3,-10.270155,3.5990002
Cell1389,Group3,Batch3,-8.835482,3.516883
Cell1390,Group4,Batch3,2.7563555,-6.217459
Cell1391,Group3,Batch3,-10.3013115,2.5516577
Cell1392,Group4,Batch3,4.9232917,-6.1859074
Cell1393,Group2,Batch3,7.5586166,7.404191
Cell1394,Group2,Batch3,4.740094,6.0049305
Cell1395,Group4,Batch3,3.0263057,-5.118796
Cell1396,Group4,Batch3,3.959791,-6.9747353
Cell1397,Group2,Batch3,6.0078764,5.5401974
Cell1398,Group2,Batch3,4.6328025,7.6735535
Cell1399,Group3,Batch3,-7.7489743,2.6542783
Cell1400,Group4,Batch3,3.967211,-6.0520673
Cell1401,Group2,Batch3,4.632286,7.0590925
Cell1402,Group2,Batch3,4.6508493,5.981604
Cell1403,Group2,Batch3,6.0273314,8.028767
Cell1404,Group4,Batch3,3.7093499,-7.6236515
Cell1405,Group2,Batch3,5.7470107,8.2506
Cell1406,Group2,Batch3,7.7092547,6.308747
Cell1407,Group4,Batch3,1.6675481,-5.484988
Cell1408,Group2,Batch3,4.6883564,8.0776615
Cell1409,Group2,Batch3,7.5729003,7.803639
Cell1410,Group4,Batch3,1.3065534,-6.48273
Cell1411,Group2,Batch3,5.111564,7.1641593
Cell1412,Group2,Batch3,4.8247147,7.508815
Cell1413,Group4,Batch3,3.6491694,-7.291967
Cell1414,Group4,Batch3,4.1629643,-5.04589
Cell1415,Group4,Batch3,4.664168,-4.926665
Cell1416,Group4,Batch3,4.858794,-6.6843944
Cell1417,Group4,Batch3,4.6211324,-6.224179
Cell1418,Group3,Batch3,-8.938728,3.3674448
Cell1419,Group3,Batch3,-8.891945,3.4901805
Cell1420,Group2,Batch3,4.543323,7.878273
Cell1421,Group3,Batch3,-8.755811,3.1774037
Cell1422,Group3,Batch3,-9.486837,1.9360025
Cell1423,Group2,Batch3,5.9750443,5.682158
Cell1424,Group4,Batch3,3.7316227,-6.124124
Cell1425,Group1,Batch3,-8.065528,11.488686
Cell1426,Group3,Batch3,-10.634931,2.4535296
Cell1427,Group3,Batch3,-9.555755,2.953651
Cell1428,Group3,Batch3,-9.804243,1.6085832
Cell1429,Group4,Batch3,1.2768407,-7.0952907
Cell1430,Group1,Batch3,-7.5057487,12.422508
Cell1431,Group2,Batch3,4.471433,7.447542
Cell1432,Group3,Batch3,-8.664423,1.9529164
Cell1433,Group4,Batch3,3.2716136,-6.727599
Cell1434,Group2,Batch3,5.8365765,8.54199
Cell1435,Group2,Batch3,5.536559,8.143947
Cell1436,Group4,Batch3,3.111926,-7.707482
Cell1437,Group4,Batch3,2.4528873,-6.9951906
Cell1438,Group4,Batch3,2.74843,-7.8812213
Cell1439,Group2,Batch3,6.502843,7.22168
Cell1440,Group2,Batch3,6.9323606,6.7647924
Cell1441,Group3,Batch3,-9.1142645,2.2602065
Cell1442,Group4,Batch3,1.9913772,-6.9430137
Cell1443,Group4,Batch3,2.9279423,-7.107245
Cell1444,Group4,Batch3,4.8023286,-6.301305
Cell1445,Group4,Batch3,3.2683566,-7.2479715
Cell1446,Group2,Batch3,5.4222064,5.696853
Cell1447,Group4,Batch3,2.8083317,-6.984552
Cell1448,Group4,Batch3,2.1414928,-6.7760944
Cell1449,Group3,Batch3,-9.489118,3.9868248
Cell1450,Group4,Batch3,2.9890687,-5.5483027
Cell1451,Group4,Batch3,4.2968564,-6.8072233
Cell1452,Group4,Batch3,2.1379232,-6.792433
Cell1453,Group4,Batch3,4.2383966,-6.927301
Cell1454,Group3,Batch3,-10.656012,3.495519
Cell1455,Group2,Batch3,5.2878194,8.459366
Cell1456,Group3,Batch3,-8.744134,2.729384
Cell1457,Group4,Batch3,3.3989246,-5.0544963
Cell1458,Group2,Batch3,4.905408,6.6663485
Cell1459,Group2,Batch3,4.9720254,7.5893664
Cell1460,Group2,Batch3,5.576836,5.3999176
Cell1461,Group4,Batch3,2.844936,-6.4822955
Cell1462,Group2,Batch3,5.5953927,6.1866374
Cell1463,Group3,Batch3,-10.583473,2.9764988
Cell1464,Group4,Batch3,3.32785,-5.9712243
Cell1465,Group4,Batch3,4.468833,-6.9951625
Cell1466,Group3,Batch3,-11.262738,2.157854
Cell1467,Group2,Batch3,4.9168496,6.0737777
Cell1468,Group1,Batch3,-7.723442,12.127392
Cell1469,Group3,Batch3,-10.120229,2.2510111
Cell1470,Group3,Batch3,-8.408622,2.9822953
Cell1471,Group3,Batch3,-8.424815,3.3566473
Cell1472,Group4,Batch3,4.358492,-7.755981
Cell1473,Group4,Batch3,4.030594,-7.524147
Cell1474,Group2,Batch3,5.397251,6.140714
Cell1475,Group2,Batch3,4.918819,7.270295
Cell1476,Group3,Batch3,-8.91042,3.2795231
Cell1477,Group1,Batch3,-7.954579,12.056071
Cell1478,Group4,Batch3,2.5656445,-6.3093867
Cell1479,Group2,Batch3,4.7464952,7.4180355
Cell1480,Group3,Batch3,-8.287713,2.3130052
Cell1481,Group2,Batch3,6.373336,7.292548
Cell1482,Group2,Batch3,4.611385,6.367079
Cell1483,Group2,Batch3,7.1778708,6.3418145
Cell1484,Group1,Batch3,-7.5716777,11.42823
Cell1485,Group2,Batch3,5.8846817,8.603807
Cell1486,Group2,Batch3,4.49058,6.375795
Cell1487,Group4,Batch3,4.4015183,-6.6866965
Cell1488,Group4,Batch3,4.6973224,-6.4294257
Cell1489,Group4,Batch3,1.6159207,-7.1981897
Cell1490,Group4,Batch3,3.1543686,-5.7652884
Cell1491,Group4,Batch3,2.0821435,-5.6804686
Cell1492,Group3,Batch3,-10.204966,2.925457
Cell1493,Group2,Batch3,5.3820934,6.238069
Cell1494,Group3,Batch3,-8.674153,3.4069147
Cell1495,Group1,Batch3,-7.256281,12.302848
Cell1496,Group2,Batch3,4.651697,7.102969
Cell1497,Group3,Batch3,-10.70088,2.6252012
Cell1498,Group3,Batch3,-10.77477,3.7131135
Cell1499,Group3,Batch3,-10.373345,2.5955215
Cell1500,Group3,Batch3,-9.036795,2.0831637
Cell1501,Group3,Batch4,-8.147586,3.4452627
Cell1502,Group2,Batch4,5.78374,8.56703
Cell1503,Group4,Batch4,4.353951,-5.783732
Cell1504,Group2,Batch4,6.0793953,6.5336404
Cell1505,Group4,Batch4,3.1807845,-7.471289
Cell1506,Group1,Batch4,-7.716255,12.065267
Cell1507,Group2,Batch4,5.8879857,6.2780213
Cell1508,Group2,Batch4,5.055693,7.7178802
Cell1509,Group2,Batch4,5.0133424,6.5155983
Cell1510,Group1,Batch4,-7.4117923,11.760203
Cell1511,Group3,Batch4,-9.981381,2.8860893
Cell1512,Group1,Batch4,-7.9699593,11.714496
Cell1513,Group4,Batch4,2.3931901,-5.514228
Cell1514,Group2,Batch4,5.692333,7.2132554
Cell1515,Group3,Batch4,-8.53139,3.488737
Cell1516,Group4,Batch4,2.9950743,-4.660513
Cell1517,Group1,Batch4,-7.5044084,11.883665
Cell1518,Group2,Batch4,7.094126,6.8654914
Cell1519,Group4,Batch4,3.7395444,-7.9846683
Cell1520,Group2,Batch4,6.9903336,6.138636
Cell1521,Group4,Batch4,4.302249,-5.940379
Cell1522,Group3,Batch4,-9.733253,3.6423604
Cell1523,Group3,Batch4,-9.051592,2.9361675
Cell1524,Group2,Batch4,6.9951367,7.9533496
Cell1525,Group4,Batch4,2.5952415,-7.57473
Cell1526,Group4,Batch4,4.266066,-6.3238707
Cell1527,Group3,Batch4,-10.379075,2.8378491
Cell1528,Group4,Batch4,3.9339802,-6.236056
Cell1529,Group3,Batch4,-8.1548605,2.2604923
Cell1530,Group3,Batch4,-9.443475,3.544626
Cell1531,Group3,Batch4,-9.816396,2.1786125
Cell1532,Group2,Batch4,6.570852,5.9762073
Cell1533,Group4,Batch4,2.7025945,-6.1658397
Cell1534,Group4,Batch4,3.4574094,-6.1013765
Cell1535,Group4,Batch4,4.4090676,-6.067504
Cell1536,Group2,Batch4,7.498805,6.3824987
Cell1537,Group1,Batch4,-7.37174,12.222505
Cell1538,Group4,Batch4,2.9775667,-5.3784156
Cell1539,Group2,Batch4,6.4085174,6.3070855
Cell1540,Group3,Batch4,-9.975995,3.456874
Cell1541,Group4,Batch4,2.247361,-5.198063
Cell1542,Group2,Batch4,6.5232177,7.0537605
Cell1543,Group4,Batch4,4.7404118,-6.598487
Cell1544,Group4,Batch4,2.4551961,-7.4515543
Cell1545,Group4,Batch4,3.0356958,-5.664751
Cell1546,Group2,Batch4,5.0428514,6.3558083
Cell1547,Group4,Batch4,2.7719142,-7.3106637
Cell1548,Group3,Batch4,-10.612643,3.099947
Cell1549,Group3,Batch4,-10.709599,2.169609
Cell1550,Group4,Batch4,4.1278834,-6.529708
Cell1551,Group3,Batch4,-8.62758,3.6785624
Cell1552,Group2,Batch4,5.156841,6.501438
Cell1553,Group2,Batch4,4.563309,6.7996607
Cell1554,Group4,Batch4,3.4132528,-5.818042
Cell1555,Group2,Batch4,6.2858367,6.835666
Cell1556,Group3,Batch4,-10.353954,2.5751698
Cell1557,Group3,Batch4,-10.169748,3.7970018
Cell1558,Group2,Batch4,5.4596496,6.6389437
Cell1559,Group4,Batch4,3.0559661,-5.677232
Cell1560,Group2,Batch4,5.0685167,5.924812
Cell1561,Group4,Batch4,2.8459377,-4.8615746
Cell1562,Group3,Batch4,-10.558319,2.8380778
Cell1563,Group2,Batch4,6.017252,6.814624
Cell1564,Group4,Batch4,2.4083087,-6.299612
Cell1565,Group3,Batch4,-9.451626,3.0485053
Cell1566,Group2,Batch4,6.539846,5.9323444
Cell1567,Group2,Batch4,5.252073,5.983736
Cell1568,Group2,Batch4,6.9520965,5.517719
Cell1569,Group2,Batch4,4.9104266,6.588551
Cell1570,Group4,Batch4,2.6213238,-4.6436667
Cell1571,Group4,Batch4,3.537491,-4.945346
Cell1572,Group4,Batch4,4.9953885,-7.4212823
Cell1573,Group3,Batch4,-9.530885,3.3900006
Cell1574,Group3,Batch4,-8.441499,1.834692
Cell1575,Group4,Batch4,3.1927743,-7.273052
Cell1576,Group3,Batch4,-8.28174,3.5293672
Cell1577,Group3,Batch4,-10.493473,3.757456
Cell1578,Group1,Batch4,-8.208462,12.266738
Cell1579,Group1,Batch4,-7.6530514,11.397453
Cell1580,Group1,Batch4,-7.7119155,11.316782
Cell1581,Group2,Batch4,6.2573714,6.622001
Cell1582,Group4,Batch4,2.4718196,-6.086602
Cell1583,Group2,Batch4,5.8015494,6.0626917
Cell1584,Group4,Batch4,2.2146308,-5.8075576
Cell1585,Group1,Batch4,-7.572729,12.133917
Cell1586,Group4,Batch4,4.6126924,-6.763811
Cell1587,Group2,Batch4,5.8838873,5.6238127
Cell1588,Group3,Batch4,-10.280354,3.3191547
Cell1589,Group4,Batch4,3.0356755,-4.847479
Cell1590,Group2,Batch4,7.1730385,7.195724
Cell1591,Group4,Batch4,1.9939082,-7.8858814
Cell1592,Group2,Batch4,6.5186257,8.062947
Cell1593,Group4,Batch4,3.3227105,-5.521907
Cell1594,Group2,Batch4,6.4708223,6.6752443
Cell1595,Group2,Batch4,6.831639,8.214076
Cell1596,Group2,Batch4,6.6049404,6.772727
Cell1597,Group4,Batch4,3.5864365,-6.334641
Cell1598,Group3,Batch4,-9.105163,2.7323384
Cell1599,Group4,Batch4,4.6522055,-7.37605
Cell1600,Group4,Batch4,3.9429848,-6.5165234
Cell1601,Group3,Batch4,-9.82725,4.16458
Cell1602,Group2,Batch4,6.2853856,7.0584407
Cell1603,Group3,Batch4,-9.924147,3.6973047
Cell1604,Group2,Batch4,5.050218,7.274479
Cell1605,Group4,Batch4,3.5601437,-6.1162925
Cell1606,Group3,Batch4,-10.167891,2.429717
Cell1607,Group4,Batch4,3.3899524,-6.345487
Cell1608,Group4,Batch4,1.5798907,-6.339326
Cell1609,Group3,Batch4,-9.8531685,2.8517203
Cell1610,Group4,Batch4,2.1766963,-7.605899
Cell1611,Group4,Batch4,4.418412,-6.1675687
Cell1612,Group4,Batch4,2.5168796,-4.8489304
Cell1613,Group4,Batch4,4.394161,-7.199604
Cell1614,Group2,Batch4,6.0440593,6.247012
Cell1615,Group2,Batch4,6.574863,7.9163857
Cell1616,Group4,Batch4,2.9122713,-5.0396595
Cell1617,Group2,Batch4,5.735359,6.544941
Cell1618,Group4,Batch4,4.415172,-7.107607
Cell1619,Group2,Batch4,4.8187766,7.7628756
Cell1620,Group4,Batch4,2.793033,-6.1444116
Cell1621,Group3,Batch4,-9.674851,2.0127187
Cell1622,Group4,Batch4,3.2543058,-6.768675
Cell1623,Group3,Batch4,-10.471128,3.2281368
Cell1624,Group3,Batch4,-8.868159,2.6276639
Cell1625,Group2,Batch4,5.684907,6.8537874
Cell1626,Group4,Batch4,1.7577835,-6.3751993
Cell1627,Group2,Batch4,7.011931,6.7467866
Cell1628,Group4,Batch4,1.8086246,-6.71601
Cell1629,Group4,Batch4,2.0926147,-6.1887918
Cell1630,Group4,Batch4,3.659625,-6.445256
Cell1631,Group2,Batch4,6.071407,7.5906367
Cell1632,Group4,Batch4,3.5743146,-5.5070086
Cell1633,Group4,Batch4,2.5893383,-5.7718215
Cell1634,Group3,Batch4,-9.964322,3.0239117
Cell1635,Group1,Batch4,-7.312555,11.878973
Cell1636,Group3,Batch4,-10.265674,2.1508703
Cell1637,Group3,Batch4,-10.776968,2.5455563
Cell1638,Group4,Batch4,3.4903421,-7.0895295
Cell1639,Group4,Batch4,2.437473,-8.221433
Cell1640,Group4,Batch4,3.9145913,-4.9845815
Cell1641,Group4,Batch4,3.7303772,-5.8219533
Cell1642,Group2,Batch4,5.6183596,6.457104
Cell1643,Group3,Batch4,-10.528278,3.61605
Cell1644,Group2,Batch4,6.644816,6.4484224
Cell1645,Group3,Batch4,-8.331629,3.3043084
Cell1646,Group4,Batch4,2.671225,-6.483966
Cell1647,Group3,Batch4,-9.468131,3.9372325
Cell1648,Group2,Batch4,6.361112,6.067485
Cell1649,Group3,Batch4,-8.2534275,2.7898936
Cell1650,Group4,Batch4,3.771693,-4.759844
Cell1651,Group4,Batch4,3.5972776,-5.021654
Cell1652,Group4,Batch4,2.2567656,-6.4968114
Cell1653,Group2,Batch4,5.643674,6.536838
Cell1654,Group4,Batch4,3.5512013,-7.4414744
Cell1655,Group4,Batch4,2.9570074,-6.6123395
Cell1656,Group3,Batch4,-8.407254,3.0676236
Cell1657,Group1,Batch4,-7.1649404,11.453275
Cell1658,Group4,Batch4,3.7634192,-7.2863955
Cell1659,Group2,Batch4,6.7199907,7.2442303
Cell1660,Group2,Batch4,7.258524,6.686666
Cell1661,Group3,Batch4,-9.026348,4.258903
Cell1662,Group2,Batch4,6.2365546,7.0877166
Cell1663,Group2,Batch4,3.4798915,-4.2686563
Cell1664,Group2,Batch4,5.2026424,6.620105
Cell1665,Group3,Batch4,-10.500048,3.6804516
Cell1666,Group3,Batch4,-9.834114,2.2812257
Cell1667,Group2,Batch4,5.1876745,6.9696774
Cell1668,Group4,Batch4,3.8781102,-5.6705923
Cell1669,Group2,Batch4,5.2761645,7.6036687
Cell1670,Group3,Batch4,-10.275937,2.6973898
Cell1671,Group2,Batch4,6.0744796,7.5360775
Cell1672,Group4,Batch4,3.5212111,-7.033535
Cell1673,Group4,Batch4,3.6464224,-5.972833
Cell1674,Group4,Batch4,3.912356,-6.6009965
Cell1675,Group4,Batch4,3.3874586,-7.25894
Cell1676,Group2,Batch4,6.092164,6.805633
Cell1677,Group3,Batch4,-8.077736,2.645489
Cell1678,Group2,Batch4,6.279627,7.582457
Cell1679,Group1,Batch4,-7.3928657,11.741229
Cell1680,Group2,Batch4,5.293073,5.9314394
Cell1681,Group3,Batch4,-8.578728,1.482626
Cell1682,Group4,Batch4,3.5438843,-8.591434
Cell1683,Group4,Batch4,3.6115236,-6.335239
Cell1684,Group2,Batch4,6.8280783,6.3317127
Cell1685,Group4,Batch4,3.4847493,-6.88928
Cell1686,Group2,Batch4,5.6250668,7.594285
Cell1687,Group2,Batch4,5.8530703,5.6360507
Cell1688,Group2,Batch4,5.708791,6.860944
Cell1689,Group2,Batch4,5.404721,7.6478176
Cell1690,Group3,Batch4,-9.046641,3.6341763
Cell1691,Group3,Batch4,-9.276557,2.4648528
Cell1692,Group2,Batch4,5.0383086,6.135152
Cell1693,Group2,Batch4,4.857987,6.705174
Cell1694,Group3,Batch4,-9.802727,2.7106845
Cell1695,Group2,Batch4,5.9688253,6.1778846
Cell1696,Group4,Batch4,2.3103807,-5.235364
Cell1697,Group4,Batch4,5.0997787,-6.8874974
Cell1698,Group2,Batch4,5.658093,6.9228406
Cell1699,Group4,Batch4,4.3795447,-5.8150787
Cell1700,Group3,Batch4,-9.338556,2.6148067
Cell1701,Group2,Batch4,6.6092825,6.2124224
Cell1702,Group3,Batch4,-9.543244,2.2327156
Cell1703,Group4,Batch4,3.1338158,-6.1001296
Cell1704,Group4,Batch4,4.7705326,-7.060737
Cell1705,Group2,Batch4,6.288174,6.9324207
Cell1706,Group4,Batch4,3.092434,-7.4082327
Cell1707,Group4,Batch4,5.040522,-6.788377
Cell1708,Group2,Batch4,6.679326,7.0200405
Cell1709,Group2,Batch4,5.646107,6.174957
Cell1710,Group3,Batch4,-10.10695,3.6761482
Cell1711,Group3,Batch4,-9.354976,4.014641
Cell1712,Group1,Batch4,-7.7672358,12.443629
Cell1713,Group2,Batch4,6.3760533,7.337633
Cell1714,Group2,Batch4,5.0307117,8.187257
Cell1715,Group3,Batch4,-9.623252,2.7520688
Cell1716,Group4,Batch4,2.3500512,-6.170992
Cell1717,Group3,Batch4,-9.810889,3.150137
Cell1718,Group3,Batch4,-10.199566,1.9902914
Cell1719,Group4,Batch4,2.4266152,-5.893394
Cell1720,Group4,Batch4,2.785824,-6.4906225
Cell1721,Group4,Batch4,2.2962453,-5.7292604
Cell1722,Group4,Batch4,3.8614137,-6.601111
Cell1723,Group4,Batch4,3.1174664,-7.5188437
Cell1724,Group2,Batch4,5.103779,7.302027
Cell1725,Group3,Batch4,-10.1832,3.1038485
Cell1726,Group3,Batch4,-10.925817,3.105583
Cell1727,Group4,Batch4,2.6058192,-5.3671994
Cell1728,Group2,Batch4,5.4802494,5.9693527
Cell1729,Group2,Batch4,5.622862,7.2025986
Cell1730,Group2,Batch4,6.73644,7.388335
Cell1731,Group4,Batch4,4.516224,-6.5234337
Cell1732,Group4,Batch4,3.8622603,-6.293941
Cell1733,Group1,Batch4,-7.040304,11.834087
Cell1734,Group4,Batch4,3.0014143,-6.5798144
Cell1735,Group4,Batch4,3.9217982,-6.642854
Cell1736,Group4,Batch4,2.7276797,-7.159434
Cell1737,Group2,Batch4,6.129713,8.407242
Cell1738,Group2,Batch4,6.1987214,8.081555
Cell1739,Group4,Batch4,3.5016139,-5.710197
Cell1740,Group2,Batch4,5.3268557,6.1341157
Cell1741,Group3,Batch4,-8.954746,1.8743066
Cell1742,Group4,Batch4,2.9453259,-6.8641343
Cell1743,Group4,Batch4,3.9501364,-6.4745355
Cell1744,Group3,Batch4,-8.382162,3.3746536
Cell1745,Group4,Batch4,3.244508,-5.774381
Cell1746,Group3,Batch4,-10.599349,2.428336
Cell1747,Group2,Batch4,6.0915713,6.171443
Cell1748,Group3,Batch4,-8.775841,3.112314
Cell1749,Group2,Batch4,6.47857,8.049724
Cell1750,Group3,Batch4,-8.411641,2.4077663
Cell1751,Group4,Batch4,4.038917,-6.4989676
Cell1752,Group2,Batch4,6.448028,6.8686085
Cell1753,Group2,Batch4,5.1234093,6.5641694
Cell1754,Group4,Batch4,3.5500782,-5.1389127
Cell1755,Group4,Batch4,3.9863017,-5.27123
Cell1756,Group2,Batch4,6.326583,7.7792206
Cell1757,Group2,Batch4,5.5311704,7.3487635
Cell1758,Group1,Batch4,-7.356944,11.57711
Cell1759,Group2,Batch4,6.1995554,5.5261207
Cell1760,Group4,Batch4,4.0217957,-6.58678
Cell1761,Group1,Batch4,-7.7474422,12.506913
Cell1762,Group2,Batch4,6.3264036,5.270994
Cell1763,Group3,Batch4,-8.025228,2.9319615
Cell1764,Group2,Batch4,6.122611,5.7973976
Cell1765,Group3,Batch4,-8.633362,2.7562613
Cell1766,Group2,Batch4,5.502197,6.2554164
Cell1767,Group3,Batch4,-10.525089,3.3844187
Cell1768,Group3,Batch4,-8.074726,2.9187117
Cell1769,Group3,Batch4,-10.407543,3.4433727
Cell1770,Group3,Batch4,-10.883445,1.9664408
Cell1771,Group3,Batch4,-9.365116,2.6530738
Cell1772,Group3,Batch4,-10.197454,2.0298214
Cell1773,Group2,Batch4,5.6969676,6.344206
Cell1774,Group3,Batch4,-10.511159,2.1194515
Cell1775,Group3,Batch4,-8.913408,3.1256156
Cell1776,Group4,Batch4,4.9494348,-6.0192
Cell1777,Group3,Batch4,-10.353674,2.8245068
Cell1778,Group2,Batch4,6.4363976,6.5518007
Cell1779,Group4,Batch4,3.4021928,-5.4788647
Cell1780,Group4,Batch4,2.6488621,-5.916697
Cell1781,Group2,Batch4,7.0945973,7.642437
Cell1782,Group2,Batch4,6.766131,6.8823495
Cell1783,Group3,Batch4,-9.338901,3.563586
Cell1784,Group4,Batch4,3.21014,-5.6726885
Cell1785,Group2,Batch4,5.3458595,6.6523395
Cell1786,Group3,Batch4,-9.845048,4.245834
Cell1787,Group4,Batch4,3.0837414,-7.086407
Cell1788,Group4,Batch4,4.0919695,-7.7974854
Cell1789,Group3,Batch4,-10.858383,3.0119255
Cell1790,Group3,Batch4,-8.6638365,2.5352163
Cell1791,Group4,Batch4,4.4085073,-6.5838532
Cell1792,Group3,Batch4,-9.896711,3.4983988
Cell1793,Group4,Batch4,2.8100288,-5.539078
Cell1794,Group4,Batch4,2.6691892,-6.2843194
Cell1795,Group2,Batch4,6.640298,7.7596974
Cell1796,Group4,Batch4,3.0433638,-5.9188876
Cell1797,Group4,Batch4,2.3294508,-4.9600472
Cell1798,Group2,Batch4,5.5665293,6.3165765
Cell1799,Group4,Batch4,3.7988741,-4.8748126
Cell1800,Group4,Batch4,2.714575,-5.2130322
Cell1801,Group3,Batch4,-10.660159,3.449925
Cell1802,Group4,Batch4,3.5701213,-4.816727
Cell1803,Group2,Batch4,4.219474,7.2866774
Cell1804,Group3,Batch4,-8.593283,3.2209024
Cell1805,Group4,Batch4,3.2871249,-5.645672
Cell1806,Group2,Batch4,7.760259,6.4906864
Cell1807,Group2,Batch4,6.5509295,5.568762
Cell1808,Group2,Batch4,4.999145,6.1155643
Cell1809,Group3,Batch4,-9.382497,1.5053325
Cell1810,Group3,Batch4,-10.288815,2.594382
Cell1811,Group4,Batch4,4.6863728,-5.4799724
Cell1812,Group2,Batch4,5.7160664,8.125108
Cell1813,Group2,Batch4,6.478942,5.830704
Cell1814,Group1,Batch4,-7.8659353,11.852574
Cell1815,Group4,Batch4,5.016697,-6.8523617
Cell1816,Group4,Batch4,2.1244202,-7.2224407
Cell1817,Group4,Batch4,3.8196893,-6.0735135
Cell1818,Group3,Batch4,-10.920942,2.0192592
Cell1819,Group3,Batch4,-8.277869,2.1838536
Cell1820,Group2,Batch4,7.0302925,6.184378
Cell1821,Group3,Batch4,-9.365653,3.775515
Cell1822,Group2,Batch4,5.372888,6.5794663
Cell1823,Group2,Batch4,6.1691594,7.7114344
Cell1824,Group4,Batch4,2.61404,-5.306889
Cell1825,Group2,Batch4,5.169741,6.184672
Cell1826,Group4,Batch4,3.0732586,-4.7592926
Cell1827,Group3,Batch4,-9.918305,2.885636
Cell1828,Group2,Batch4,6.2237287,6.224742
Cell1829,Group1,Batch4,-7.561836,11.714046
Cell1830,Group4,Batch4,3.7041883,-5.3154473
Cell1831,Group4,Batch4,3.032801,-6.094042
Cell1832,Group2,Batch4,6.9549417,7.9168124
Cell1833,Group1,Batch4,-7.7619967,11.172591
Cell1834,Group2,Batch4,6.8731647,7.723718
Cell1835,Group2,Batch4,6.310363,5.689026
Cell1836,Group2,Batch4,6.450775,6.108089
Cell1837,Group3,Batch4,-9.24463,3.0177653
Cell1838,Group4,Batch4,3.5820184,-5.635095
Cell1839,Group4,Batch4,4.496093,-6.4608927
Cell1840,Group3,Batch4,-9.104409,3.4656172
Cell1841,Group4,Batch4,2.1154368,-6.8365593
Cell1842,Group4,Batch4,3.360627,-7.525778
Cell1843,Group4,Batch4,4.4558544,-6.4722166
Cell1844,Group3,Batch4,-9.283101,3.8303244
Cell1845,Group4,Batch4,3.1154506,-6.1005783
Cell1846,Group4,Batch4,3.9122343,-7.067127
Cell1847,Group3,Batch4,-9.871976,3.4015698
Cell1848,Group4,Batch4,2.8567328,-5.178145
Cell1849,Group3,Batch4,-9.817616,3.255599
Cell1850,Group3,Batch4,-9.094928,3.629298
Cell1851,Group2,Batch4,7.4306483,6.413292
Cell1852,Group3,Batch4,-9.89787,2.5642395
Cell1853,Group4,Batch4,1.872207,-7.0020375
Cell1854,Group3,Batch4,-9.2768345,3.334153
Cell1855,Group3,Batch4,-9.385134,1.7038282
Cell1856,Group4,Batch4,3.5770917,-6.218766
Cell1857,Group3,Batch4,-8.602796,3.263633
Cell1858,Group4,Batch4,3.214,-7.318017
Cell1859,Group3,Batch4,-9.352675,2.9135041
Cell1860,Group2,Batch4,5.1524944,8.027817
Cell1861,Group3,Batch4,-8.823223,2.4045124
Cell1862,Group2,Batch4,6.200676,6.6048603
Cell1863,Group2,Batch4,6.2176194,7.0569797
Cell1864,Group2,Batch4,5.4719653,7.703434
Cell1865,Group3,Batch4,-10.59377,2.6198525
Cell1866,Group2,Batch4,6.8631883,7.3037176
Cell1867,Group3,Batch4,-9.82398,1.7311591
Cell1868,Group4,Batch4,4.2158833,-6.437343
Cell1869,Group3,Batch4,-10.254185,3.769827
Cell1870,Group3,Batch4,-10.426395,2.57575
Cell1871,Group4,Batch4,4.1643486,-5.987183
Cell1872,Group4,Batch4,4.1964445,-6.035365
Cell1873,Group2,Batch4,5.9364843,7.727636
Cell1874,Group3,Batch4,-10.709136,2.5263176
Cell1875,Group3,Batch4,-8.317677,3.804637
Cell1876,Group2,Batch4,5.8185906,8.182698
Cell1877,Group4,Batch4,3.9088073,-6.8177524
Cell1878,Group3,Batch4,-10.684136,3.275575
Cell1879,Group4,Batch4,4.1309,-7.9434376
Cell1880,Group3,Batch4,-9.454196,3.538854
Cell1881,Group4,Batch4,3.342949,-5.140082
Cell1882,Group3,Batch4,-10.22214,3.1061168
Cell1883,Group3,Batch4,-9.835735,2.682012
Cell1884,Group4,Batch4,3.3566608,-5.5596004
Cell1885,Group4,Batch4,3.2016277,-4.9807234
Cell1886,Group2,Batch4,6.730923,7.3809943
Cell1887,Group4,Batch4,1.8159648,-6.1394
Cell1888,Group2,Batch4,5.800601,5.837996
Cell1889,Group4,Batch4,3.344449,-6.5844374
Cell1890,Group4,Batch4,4.4519253,-6.1957784
Cell1891,Group3,Batch4,-8.836688,3.0056226
Cell1892,Group3,Batch4,-8.918286,3.3254797
Cell1893,Group1,Batch4,-7.1269298,11.981703
Cell1894,Group4,Batch4,2.7129748,-4.813111
Cell1895,Group3,Batch4,-9.606434,2.366362
Cell1896,Group4,Batch4,4.9990783,-6.034101
Cell1897,Group2,Batch4,5.6092234,7.1295347
Cell1898,Group2,Batch4,6.490194,7.0363455
Cell1899,Group4,Batch4,3.0902157,-5.892836
Cell1900,Group4,Batch4,2.4107351,-6.7131777
Cell1901,Group4,Batch4,3.6878912,-6.439401
Cell1902,Group2,Batch4,6.6497946,7.542871
Cell1903,Group2,Batch4,6.201391,6.3385596
Cell1904,Group4,Batch4,2.1765256,-5.802454
Cell1905,Group4,Batch4,2.831259,-6.786491
Cell1906,Group4,Batch4,3.9220715,-6.9486675
Cell1907,Group2,Batch4,5.673967,6.8912005
Cell1908,Group1,Batch4,-8.0677395,12.194809
Cell1909,Group4,Batch4,3.323046,-5.0475197
Cell1910,Group4,Batch4,3.5233703,-7.794251
Cell1911,Group2,Batch4,5.1443615,7.718124
Cell1912,Group2,Batch4,5.757177,5.9354653
Cell1913,Group4,Batch4,3.5383637,-5.015612
Cell1914,Group1,Batch4,-8.024434,11.584551
Cell1915,Group1,Batch4,-7.264723,11.656269
Cell1916,Group2,Batch4,6.6464663,6.523998
Cell1917,Group4,Batch4,2.0036156,-6.0966773
Cell1918,Group2,Batch4,6.5751066,7.821499
Cell1919,Group4,Batch4,2.880844,-7.1422834
Cell1920,Group2,Batch4,5.4006276,5.8610454
Cell1921,Group2,Batch4,4.775466,8.060009
Cell1922,Group4,Batch4,4.7303743,-7.262619
Cell1923,Group4,Batch4,3.2628598,-5.885483
Cell1924,Group3,Batch4,-8.090837,2.329385
Cell1925,Group3,Batch4,-9.383583,1.986734
Cell1926,Group3,Batch4,-8.761617,1.4695864
Cell1927,Group3,Batch4,-9.636021,3.235001
Cell1928,Group2,Batch4,6.332973,7.643418
Cell1929,Group1,Batch4,-7.230101,12.6154785
Cell1930,Group4,Batch4,3.9362142,-7.1425543
Cell1931,Group4,Batch4,3.221377,-6.861317
Cell1932,Group2,Batch4,5.087015,6.398984
Cell1933,Group3,Batch4,-9.36613,3.2255168
Cell1934,Group4,Batch4,3.225089,-6.525158
Cell1935,Group3,Batch4,-10.615722,2.9624407
Cell1936,Group4,Batch4,3.1149106,-6.468174
Cell1937,Group3,Batch4,-9.083054,2.2130473
Cell1938,Group4,Batch4,4.1179886,-7.21782
Cell1939,Group2,Batch4,6.993704,6.3183413
Cell1940,Group4,Batch4,2.972776,-5.9635234
Cell1941,Group1,Batch4,-7.2248416,12.195478
Cell1942,Group4,Batch4,3.1977205,-5.877135
Cell1943,Group4,Batch4,2.7468705,-6.1817274
Cell1944,Group4,Batch4,4.4864674,-7.201635
Cell1945,Group2,Batch4,5.9073296,6.4157343
Cell1946,Group4,Batch4,3.0248992,-4.9880457
Cell1947,Group3,Batch4,-9.528386,2.3976328
Cell1948,Group2,Batch4,5.862709,7.842026
Cell1949,Group1,Batch4,-7.5219035,12.104469
Cell1950,Group2,Batch4,6.95744,6.5874615
Cell1951,Group4,Batch4,3.0802803,-6.0301757
Cell1952,Group3,Batch4,-9.145742,1.8900979
Cell1953,Group4,Batch4,3.262327,-7.51854
Cell1954,Group2,Batch4,7.2865977,7.5628934
Cell1955,Group4,Batch4,2.1270027,-7.190855
Cell1956,Group4,Batch4,2.9092185,-5.114775
Cell1957,Group3,Batch4,-8.038164,3.4594061
Cell1958,Group4,Batch4,4.4567285,-7.668051
Cell1959,Group3,Batch4,-9.704854,4.006068
Cell1960,Group3,Batch4,-9.97404,2.3788948
Cell1961,Group2,Batch4,5.8840275,7.482399
Cell1962,Group2,Batch4,5.980469,6.8844066
Cell1963,Group4,Batch4,3.3392441,-6.498804
Cell1964,Group2,Batch4,5.1705675,6.386555
Cell1965,Group4,Batch4,4.3204064,-6.4543967
Cell1966,Group1,Batch4,-7.9184513,11.695395
Cell1967,Group3,Batch4,-9.591523,4.060964
Cell1968,Group2,Batch4,6.1214724,6.4288564
Cell1969,Group4,Batch4,4.229193,-5.7769423
Cell1970,Group3,Batch4,-10.680999,2.672509
Cell1971,Group4,Batch4,2.3884635,-4.87802
Cell1972,Group2,Batch4,6.2483444,7.7092385
Cell1973,Group3,Batch4,-7.8860574,3.0075467
Cell1974,Group3,Batch4,-9.440571,3.4828987
Cell1975,Group1,Batch4,-7.322167,12.332725
Cell1976,Group2,Batch4,5.790627,7.2501025
Cell1977,Group4,Batch4,4.9240637,-5.972973
Cell1978,Group4,Batch4,4.4359884,-5.45664
Cell1979,Group4,Batch4,3.6882665,-5.729152
Cell1980,Group4,Batch4,2.5337257,-7.1022997
Cell1981,Group2,Batch4,6.837,7.001223
Cell1982,Group4,Batch4,3.1567528,-6.1890044
Cell1983,Group4,Batch4,3.0419364,-7.005319
Cell1984,Group3,Batch4,-9.586391,2.695795
Cell1985,Group2,Batch4,5.3870916,7.394687
Cell1986,Group1,Batch4,-7.309161,12.670962
Cell1987,Group3,Batch4,-8.485305,3.8839655
Cell1988,Group2,Batch4,5.122929,5.879246
Cell1989,Group3,Batch4,-8.887435,1.9268701
Cell1990,Group3,Batch4,-9.261454,3.5446744
Cell1991,Group4,Batch4,3.0422843,-5.770291
Cell1992,Group2,Batch4,6.461235,6.448108
Cell1993,Group4,Batch4,4.8052826,-6.063365
Cell1994,Group3,Batch4,-10.494778,2.8324296
Cell1995,Group3,Batch4,-8.909999,1.9344059
Cell1996,Group3,Batch4,-10.081171,3.4963493
Cell1997,Group1,Batch4,-7.240187,11.741179
Cell1998,Group4,Batch4,2.5936646,-5.1366653
Cell1999,Group3,Batch4,-9.252998,3.1498837
Cell2000,Group2,Batch4,6.217321,5.605555
